1 1 5 2
2 1 4 2
3 1 4 2
4 1 4 2
5 1 4 2
6 1 4 2
7 1 4 2
8 1 4 2
9 1 4 2
10 1 4 2
11 1 4 2
12 1 4 2
13 1 4 2
14 1 4 2
15 1 4 2
16 1 4 2
17 1 4 2
18 1 4 2
19 1 4 2
20 1 4 2
21 1 4 2
22 1 4 2
23 1 4 2
24 1 4 2
25 1 4 2
26 1 4 2
27 1 4 2
28 1 4 2
29 1 4 2
30 1 4 2
31 1 4 2
32 1 4 2
33 1 4 2
34 1 4 2
35 1 4 2
36 1 4 2
37 1 4 2
38 1 4 2
39 1 4 2
40 1 4 2
41 1 4 2
42 1 4 2
43 1 4 2
44 1 4 2
45 1 4 2
46 1 4 2
47 1 4 2
48 1 4 2
49 1 4 2
50 1 4 2
51 1 4 2
52 1 4 2
53 1 4 2
54 1 4 2
55 1 4 2
56 1 4 2
57 1 4 2
58 1 4 2
59 1 4 2
60 1 4 2
61 1 4 2
62 1 4 2
63 1 4 2
64 1 4 2
65 1 4 2
66 1 4 2
67 1 4 2
68 1 4 2
69 1 4 2
70 1 4 2
71 1 4 2
72 1 4 2
73 1 4 2
74 1 4 2
75 1 4 2
76 1 4 2
77 1 4 2
78 1 4 2
79 1 4 2
80 1 4 2
81 1 4 2
82 1 4 2
83 1 4 2
84 1 4 2
85 1 4 2
86 1 4 2
87 1 4 2
88 1 4 2
89 1 4 2
90 1 4 2
91 1 4 2
92 1 4 2
93 1 4 2
94 1 4 2
95 1 4 2
96 1 4 2
97 1 4 2
98 1 4 2
99 1 4 2
100 1 4 2
101 1 4 2
102 1 4 2
103 1 4 2
104 1 4 2
105 1 4 2
106 1 4 2
107 1 4 2
108 1 4 2
109 1 4 2
110 1 4 2
111 1 4 2
112 1 4 2
113 1 4 2
114 1 4 2
115 1 4 2
116 1 4 2
117 1 4 2
118 1 4 2
119 1 4 2
120 1 4 2
121 1 4 2
122 1 4 2
123 1 4 2
124 1 4 2
125 1 4 2
126 1 4 2
127 1 4 2
128 1 4 2
129 1 4 2
130 1 4 2
131 1 4 2
132 1 4 2
133 1 4 2
134 1 4 2
135 1 4 2
136 1 4 2
137 1 4 2
138 1 4 2
139 1 4 2
140 1 4 2
141 1 4 2
142 1 4 2
143 1 4 2
144 1 4 2
145 1 4 2
146 1 4 2
147 1 4 2
148 1 4 2
149 1 4 2
150 1 4 2
151 1 4 2
152 1 4 2
153 1 4 2
154 1 4 2
155 1 4 2
156 1 4 2
157 1 4 2
158 1 4 2
159 1 4 2
160 1 4 2
161 1 4 2
162 1 4 2
163 1 4 2
164 1 4 2
165 1 4 2
166 1 4 2
167 1 4 2
168 1 4 2
169 1 4 2
170 1 4 2
171 1 4 2
172 1 4 2
173 1 4 2
174 1 4 2
175 1 4 2
176 1 4 2
177 1 4 2
178 1 4 2
179 1 4 2
180 1 4 2
181 1 4 2
182 1 4 2
183 1 4 2
184 1 4 2
185 1 4 2
186 1 4 2
187 1 4 2
188 1 4 2
189 1 4 2
190 1 4 2
191 1 4 2
192 1 4 2
193 1 4 2
194 1 4 2
195 1 4 2
196 1 4 2
197 1 4 2
198 1 4 2
199 1 4 2
200 1 4 2
201 1 4 2
202 1 4 2
203 1 4 2
204 1 4 2
205 1 4 2
206 1 4 2
207 1 4 2
208 1 4 2
209 1 4 2
210 1 4 2
211 1 4 2
212 1 4 2
213 1 4 2
214 1 4 2
215 1 4 2
216 1 4 2
217 1 4 2
218 1 4 2
219 1 4 2
220 1 4 2
221 1 4 2
222 1 4 2
223 1 4 2
224 1 4 2
225 1 4 2
226 1 4 2
227 1 4 2
228 1 4 2
229 1 4 2
230 1 4 2
231 1 4 2
232 1 4 2
233 1 4 2
234 1 4 2
235 1 4 2
236 1 4 2
237 1 4 2
238 1 4 2
239 1 4 2
240 1 4 2
241 1 4 2
242 1 4 2
243 1 4 2
244 1 4 2
245 1 4 2
246 1 4 2
247 1 4 2
248 1 4 2
249 1 4 2
250 1 4 2
251 1 4 2
252 1 4 2
253 1 4 2
254 1 4 2
255 1 4 2
256 1 4 2
257 1 4 2
258 1 4 2
259 1 4 2
260 1 4 2
261 1 4 2
262 1 4 2
263 1 4 2
264 1 4 2
265 1 4 2
266 1 4 2
267 1 4 2
268 1 4 2
269 1 4 2
270 1 4 2
271 1 4 2
272 1 4 2
273 1 4 2
274 1 4 2
275 1 4 2
276 1 4 2
277 1 4 2
278 1 4 2
279 1 4 2
280 1 4 2
281 1 4 2
282 1 4 2
283 1 4 2
284 1 4 2
285 1 4 2
286 1 4 2
287 1 4 2
288 1 4 2
289 1 4 2
290 1 4 2
291 1 4 2
292 1 4 2
293 1 4 2
294 1 4 2
295 1 4 2
296 1 4 2
297 1 4 2
298 1 4 2
299 1 4 2
300 1 4 2
301 1 4 2
302 1 4 2
303 1 4 2
304 1 4 2
305 1 4 2
306 1 4 2
307 1 4 2
308 1 4 2
309 1 4 2
310 1 4 2
311 1 4 2
312 1 4 2
313 1 4 2
314 1 4 2
315 1 4 2
316 1 4 2
317 1 4 2
318 1 4 2
319 1 4 2
320 1 4 2
321 1 4 2
322 1 4 2
323 1 4 2
324 1 4 2
325 1 4 2
326 1 4 2
327 1 4 2
328 1 4 2
329 1 4 2
330 1 4 2
331 1 4 2
332 1 4 2
333 1 4 2
334 1 4 2
335 1 4 2
336 1 4 2
337 1 4 2
338 1 4 2
339 1 4 2
340 1 4 2
341 1 4 2
342 1 4 2
343 1 4 2
344 1 4 2
345 1 4 2
346 1 4 2
347 1 4 2
348 1 4 2
349 1 4 2
350 1 4 2
351 1 4 2
352 1 4 2
353 1 4 2
354 1 4 2
355 1 4 2
356 1 4 2
357 1 4 2
358 1 4 2
359 1 4 2
360 1 4 2
361 1 4 2
362 1 4 2
363 1 4 2
364 1 4 2
365 1 4 2
366 1 4 2
367 1 4 2
368 1 4 2
369 1 4 2
370 1 4 2
371 1 4 2
372 1 4 2
373 1 4 2
374 1 4 2
375 1 4 2
376 1 4 2
377 1 4 2
378 1 4 2
379 1 4 2
380 1 4 2
381 1 4 2
382 1 4 2
383 1 4 2
384 1 4 2
385 1 4 2
386 1 4 2
387 1 4 2
388 1 4 2
389 1 4 2
390 1 4 2
391 1 4 2
392 1 4 2
393 1 4 2
394 1 4 2
395 1 4 2
396 1 4 2
397 1 4 2
398 1 4 2
399 1 4 2
400 1 4 2
401 1 4 2
402 1 4 2
403 1 4 2
404 1 4 2
405 1 4 2
406 1 4 2
407 1 4 2
408 1 4 2
409 1 4 2
410 1 4 2
411 1 4 2
412 1 4 2
413 1 4 2
414 1 4 2
415 1 4 2
416 1 4 2
417 1 4 2
418 1 4 2
419 1 4 2
420 1 4 2
421 1 4 2
422 1 4 2
423 1 4 2
424 1 4 2
425 1 4 2
426 1 4 2
427 1 4 2
428 1 4 2
429 1 4 2
430 1 4 2
431 1 4 2
432 1 4 2
433 1 4 2
434 1 4 2
435 1 4 2
436 1 4 2
437 1 4 2
438 1 4 2
439 1 4 2
440 1 4 2
441 1 4 2
442 1 4 2
443 1 4 2
444 1 4 2
445 1 4 2
446 1 4 2
447 1 4 2
448 1 4 2
449 1 4 2
450 1 4 2
451 1 4 2
452 1 4 2
453 1 4 2
454 1 4 2
455 1 4 2
456 1 4 2
457 1 4 2
458 1 4 2
459 1 4 2
460 1 4 2
461 1 4 2
462 1 4 2
463 1 4 2
464 1 4 2
465 1 4 2
466 1 4 2
467 1 4 2
468 1 4 2
469 1 4 2
470 1 4 2
471 1 4 2
472 1 4 2
473 1 4 2
474 1 4 2
475 1 4 2
476 1 4 2
477 1 4 2
478 1 4 2
479 1 4 2
480 1 4 2
481 1 4 2
482 1 4 2
483 1 4 2
484 1 4 2
485 1 4 2
486 1 4 2
487 1 4 2
488 1 4 2
489 1 4 2
490 1 4 2
491 1 4 2
492 1 4 2
493 1 4 2
494 1 4 2
495 1 4 2
496 1 4 2
497 1 4 2
498 1 4 2
499 1 4 2
500 1 4 2
501 1 4 2
502 1 4 2
503 1 4 2
504 1 4 2
505 1 4 2
506 1 4 2
507 1 4 2
508 1 4 2
509 1 4 2
510 1 4 2
511 1 4 2
512 1 4 2
513 1 5 2
514 1 4 2
515 1 4 2
516 1 4 2
517 1 4 2
518 1 4 2
519 1 4 2
520 1 4 2
521 1 4 2
522 1 4 2
523 1 4 2
524 1 4 2
525 1 4 2
526 1 4 2
527 1 4 2
528 1 4 2
529 1 4 2
530 1 4 2
531 1 4 2
532 1 4 2
533 1 4 2
534 1 4 2
535 1 4 2
536 1 4 2
537 1 4 2
538 1 4 2
539 1 4 2
540 1 4 2
541 1 4 2
542 1 4 2
543 1 4 2
544 1 4 2
545 1 4 2
546 1 4 2
547 1 4 2
548 1 4 2
549 1 4 2
550 1 4 2
551 1 4 2
552 1 4 2
553 1 4 2
554 1 4 2
