1 1 9 2 2 6 6 2
2 1 9 3 2 6 6 2
3 1 9 2 2 6 6 2
4 1 9 2 2 6 6 2
5 1 9 2 2 6 6 2
6 1 9 2 2 6 6 2
7 1 9 2 2 6 6 2
8 1 10 2 2 6 6 2
9 1 9 2 2 6 6 2
10 1 9 2 2 6 6 2
11 1 9 2 2 6 6 2
12 1 10 2 3 6 6 2
13 1 9 2 2 6 6 2
14 1 9 2 2 6 6 2
15 1 9 2 2 6 6 2
16 1 9 2 2 6 6 2
17 1 9 2 2 6 6 2
18 1 9 2 2 6 6 2
19 1 9 2 2 6 6 2
20 1 9 2 2 6 6 2
21 1 9 2 2 6 6 2
22 1 9 2 2 6 6 2
23 1 9 2 2 6 6 2
24 1 9 2 2 6 6 2
25 1 9 2 2 6 6 2
26 1 9 2 2 6 6 2
27 1 9 2 2 6 6 2
28 1 9 2 2 6 6 2
29 1 9 2 2 6 6 2
30 1 9 2 2 6 6 2
31 1 9 2 2 6 6 2
32 1 9 2 2 6 6 2
33 1 9 2 2 6 6 2
34 1 9 2 2 6 6 2
35 1 9 2 2 6 6 2
36 1 9 2 2 6 6 2
37 1 9 2 2 6 6 2
38 1 9 2 2 6 6 2
39 1 9 2 2 6 6 2
40 1 9 2 2 6 6 2
41 1 9 2 2 6 6 2
42 1 9 2 2 6 6 2
43 1 9 2 2 6 6 2
44 1 9 2 2 6 6 2
45 1 9 2 2 6 6 2
46 1 9 2 2 6 7 2
47 1 9 2 2 6 6 2
48 1 9 2 2 6 6 2
49 1 9 2 2 6 6 2
50 1 9 2 2 6 6 2
51 1 9 2 2 6 6 2
52 1 9 2 2 6 6 2
53 1 9 2 2 6 6 2
54 1 9 2 2 6 6 2
55 1 9 2 2 6 6 2
56 1 9 2 2 6 6 2
57 1 9 2 2 6 6 2
58 1 9 2 2 6 6 2
59 1 9 2 2 6 6 2
60 1 9 2 2 6 6 2
61 1 9 2 2 6 6 2
62 1 9 2 2 6 6 2
63 1 9 2 2 6 6 2
64 1 9 2 2 6 6 2
65 1 9 2 2 6 6 2
66 1 9 2 2 6 6 2
67 1 9 2 2 6 6 2
68 1 9 2 2 6 6 2
69 1 9 2 2 6 6 2
70 1 9 2 2 6 6 2
71 1 9 2 2 6 6 2
72 1 9 2 2 6 6 2
73 1 9 2 2 6 6 2
74 1 9 2 2 6 6 2
75 1 9 2 2 6 6 2
76 1 9 2 2 6 7 2
77 1 9 2 2 6 6 2
78 1 9 2 2 6 6 2
79 1 9 2 2 6 6 2
80 1 9 2 2 6 6 2
81 1 9 2 2 6 6 2
82 1 9 2 2 6 6 2
83 1 9 2 2 6 6 2
84 1 9 2 2 6 6 2
85 1 9 2 2 6 6 2
86 1 9 2 2 6 6 2
87 1 9 2 2 6 6 2
88 1 9 2 2 6 6 2
89 1 9 2 2 6 6 2
90 1 9 2 2 6 6 2
91 1 9 2 2 6 6 2
92 1 9 2 2 6 6 2
93 1 9 2 2 6 6 3
94 1 9 2 2 6 6 2
95 1 9 2 2 6 6 2
96 1 9 2 2 6 6 2
97 1 9 2 2 6 6 2
98 1 9 2 2 6 6 2
99 1 9 2 2 6 6 2
100 1 9 2 2 6 6 2
101 1 9 2 2 6 6 2
102 1 9 2 2 6 6 2
103 1 9 2 2 6 6 2
104 1 9 2 2 6 6 2
105 1 9 2 2 6 6 2
106 1 9 2 2 6 6 2
107 1 9 2 2 6 6 2
108 1 9 2 2 6 6 2
109 1 9 2 2 6 6 2
110 1 9 2 2 6 6 2
111 1 9 2 2 6 6 3
112 1 9 2 2 6 6 2
113 1 9 2 2 6 6 2
114 1 9 2 2 6 6 2
115 1 9 2 2 6 6 2
116 1 9 2 2 6 6 2
117 1 9 2 2 6 6 2
118 1 9 2 2 6 6 2
119 1 9 2 2 6 6 2
120 1 9 2 2 6 6 2
121 1 9 2 2 6 6 2
122 1 9 2 2 6 6 2
123 1 9 2 2 6 6 2
124 1 9 2 2 6 6 2
125 1 10 2 2 6 6 2
126 1 9 2 2 6 6 2
127 1 9 2 2 6 6 2
128 1 9 2 2 6 6 2
129 1 9 2 2 6 6 2
130 1 9 2 2 6 6 2
131 1 9 2 2 6 6 2
132 1 9 2 2 6 6 2
133 1 9 2 2 6 6 2
134 1 9 2 2 6 6 2
135 1 9 2 2 6 6 2
136 1 9 2 2 6 6 2
137 1 9 2 2 6 6 2
138 1 9 2 2 6 6 2
139 1 9 2 2 6 6 2
140 1 9 2 2 6 6 2
141 1 9 2 2 6 6 2
142 1 9 2 2 6 6 2
143 1 9 2 2 6 6 2
144 1 9 2 2 6 6 2
145 1 9 2 2 6 6 2
146 1 9 2 2 6 6 2
147 1 9 2 2 6 6 2
148 1 9 2 2 6 6 2
149 1 9 2 2 6 6 2
150 1 9 2 2 6 6 2
151 1 9 2 2 6 6 2
152 1 9 2 2 6 6 2
153 1 9 2 2 6 6 2
154 1 9 2 2 6 6 2
155 1 9 2 2 6 6 2
156 1 9 2 2 6 6 2
157 1 9 2 2 6 6 2
158 1 9 2 2 6 6 2
159 1 9 2 2 6 6 2
160 1 9 2 2 6 6 2
161 1 9 2 2 6 6 2
162 1 9 2 2 6 6 2
163 1 9 2 2 6 6 2
164 1 9 2 2 6 6 2
165 1 9 2 2 6 6 2
166 1 9 2 2 6 6 2
167 1 9 2 2 6 6 2
168 1 9 2 2 6 6 2
169 1 9 2 2 6 6 2
170 1 9 2 2 6 6 2
171 1 9 2 2 6 6 2
172 1 9 2 2 6 6 2
173 1 9 2 2 6 6 2
174 1 9 2 2 6 6 2
175 1 9 2 2 6 6 2
176 1 9 2 2 6 6 2
177 1 9 2 2 6 6 2
178 1 9 3 2 6 6 2
179 1 9 2 2 6 6 2
180 1 9 2 2 6 6 2
181 1 9 2 2 6 6 2
182 1 9 2 2 6 7 2
183 1 9 2 2 6 6 2
184 1 9 2 2 6 6 2
185 1 9 2 2 6 6 2
186 1 9 2 2 6 6 2
187 1 9 2 2 6 6 2
188 1 9 2 2 6 6 2
189 1 9 2 2 6 6 2
190 1 9 2 2 6 6 2
191 1 9 2 2 6 6 2
192 1 9 2 2 6 6 2
193 1 9 2 2 6 6 2
194 2 9 2 2 6 6 2
195 1 9 2 2 6 6 2
196 1 9 2 2 6 6 2
197 1 9 2 2 6 6 2
198 1 9 2 2 6 6 2
199 1 9 2 2 6 6 2
200 1 9 2 2 6 6 2
201 1 9 2 2 6 6 2
202 1 9 2 2 6 6 2
203 1 9 2 2 6 6 2
204 1 9 2 2 6 6 2
205 1 9 2 2 6 6 2
206 1 9 2 2 6 6 2
207 1 9 2 2 6 6 2
208 1 9 2 2 6 6 2
209 1 9 2 2 6 6 2
210 1 9 2 2 6 6 2
211 1 9 2 2 6 6 2
212 1 9 2 2 6 6 2
213 1 9 2 2 6 6 2
214 1 9 2 2 6 6 2
215 1 9 2 2 6 6 2
216 1 9 2 2 6 6 2
217 1 9 2 2 6 6 2
218 1 9 2 2 6 6 2
219 1 9 2 2 6 7 2
220 1 9 2 2 6 6 2
221 1 9 2 2 6 6 2
222 1 9 2 2 6 6 2
223 1 9 2 2 6 6 2
224 1 9 2 2 6 6 2
225 1 9 2 2 6 6 2
226 1 9 2 2 6 6 2
227 1 9 2 2 6 6 2
228 1 9 3 2 6 6 2
229 1 9 2 2 6 6 2
230 1 9 2 2 6 6 2
231 1 9 2 2 6 6 2
232 1 9 2 2 6 6 2
233 1 9 2 2 6 6 2
234 1 9 2 2 6 6 2
235 1 9 2 2 6 6 2
236 1 9 2 2 6 6 2
237 1 9 2 2 6 6 2
238 1 9 2 2 6 6 2
239 1 9 2 2 6 6 2
240 1 9 2 2 6 6 2
241 1 9 2 2 6 6 2
242 1 9 2 2 6 6 2
243 1 9 2 2 6 6 2
244 1 9 2 2 6 6 2
245 1 9 2 2 6 6 2
246 1 9 2 2 6 6 2
247 1 9 2 2 6 6 2
248 1 9 2 2 6 6 2
249 1 9 2 2 6 6 2
250 1 9 2 2 6 6 2
251 1 9 2 2 6 6 2
252 1 9 2 2 6 6 2
253 1 9 2 2 6 6 2
254 1 9 2 2 6 6 2
255 1 9 2 2 6 6 2
256 1 9 2 2 6 6 2
257 1 9 2 2 6 6 2
258 1 9 2 2 6 6 2
259 1 9 2 2 6 6 2
260 1 9 2 2 6 7 2
261 1 9 2 2 6 6 2
262 1 9 2 2 6 6 2
263 1 9 2 2 6 6 2
264 1 9 2 2 6 6 2
265 1 9 2 2 6 6 2
266 1 9 2 2 6 6 2
267 1 9 2 2 6 6 2
268 1 9 2 2 6 6 2
269 1 9 2 2 6 6 2
270 1 9 2 2 6 6 2
271 1 9 2 2 6 6 2
272 1 9 2 2 6 6 2
273 1 9 2 2 6 6 2
274 1 9 2 2 6 6 2
275 1 9 2 2 6 6 2
276 1 9 2 2 6 6 2
277 1 9 2 2 6 6 2
278 1 9 2 2 6 6 2
279 1 9 2 2 6 6 2
280 1 9 2 2 6 6 2
281 1 9 2 2 6 6 2
282 1 9 2 2 6 6 2
283 1 9 2 2 6 6 2
284 1 9 2 2 6 6 2
285 1 9 2 2 6 6 3
286 1 9 2 2 6 6 2
287 1 9 2 2 6 6 2
288 1 9 2 2 6 6 2
289 1 9 2 2 6 6 2
290 1 9 2 2 6 6 2
291 1 9 2 2 6 6 2
292 1 9 2 2 6 6 2
293 1 9 2 2 6 6 2
294 1 9 2 2 6 6 2
295 1 9 2 2 6 6 2
296 1 9 2 2 6 6 2
297 1 9 2 2 6 6 2
298 1 9 2 2 6 6 2
299 1 9 2 2 6 6 2
300 1 9 2 2 6 6 2
301 1 9 2 2 6 6 2
302 1 9 2 2 6 6 2
303 1 9 2 2 6 6 2
304 1 9 2 2 6 6 2
305 1 9 2 2 6 6 2
306 1 9 2 2 6 6 2
307 1 9 2 2 6 6 2
308 1 9 2 2 6 6 2
309 1 9 2 2 6 6 2
310 1 9 2 2 6 6 2
311 1 9 2 2 6 6 2
312 1 9 2 2 6 6 2
313 1 9 2 2 6 6 2
314 1 9 2 2 6 6 2
315 1 9 2 2 6 6 2
316 1 9 2 2 6 6 2
317 1 9 2 2 6 6 2
318 1 9 2 2 6 6 2
319 1 9 2 2 6 6 2
320 1 9 2 2 6 6 2
321 1 9 2 2 6 6 2
322 1 9 2 2 6 6 2
323 1 9 2 2 6 6 2
324 1 9 2 2 6 6 2
325 1 9 2 2 6 6 2
326 1 9 3 2 6 6 2
327 1 9 2 2 6 6 2
328 1 9 2 2 6 6 2
329 1 9 2 2 6 6 2
330 1 9 2 2 6 6 2
331 1 9 2 2 6 6 2
332 1 9 2 2 6 6 2
333 1 9 2 2 6 6 2
334 1 9 2 2 6 6 2
335 1 9 2 2 6 6 2
336 1 9 2 2 6 6 2
337 1 9 2 2 6 6 2
338 1 9 2 2 6 6 2
339 1 9 2 2 6 6 2
340 1 9 2 2 6 6 2
341 1 9 2 2 6 6 2
342 1 9 2 2 6 6 2
343 1 9 2 2 6 6 2
344 1 9 2 2 6 6 2
345 1 9 2 2 6 6 2
346 1 9 2 2 6 6 2
347 1 9 2 2 6 6 2
348 1 9 2 2 6 6 2
349 1 9 2 2 6 6 2
350 1 9 2 2 6 6 2
351 1 9 2 2 6 6 2
352 1 9 2 2 6 6 2
353 1 9 2 2 6 6 2
354 1 9 2 2 6 6 2
355 1 9 2 2 6 6 2
356 1 9 2 2 6 6 2
357 1 9 2 2 6 6 2
358 1 9 2 2 6 6 2
359 1 9 2 2 6 6 2
360 1 9 2 2 6 6 2
361 1 9 2 2 6 6 2
362 1 9 2 2 6 6 2
363 1 9 2 2 6 6 2
364 1 9 2 2 6 6 2
365 1 9 2 2 6 6 2
366 1 9 2 2 6 6 2
367 1 9 2 2 6 6 2
368 1 9 2 2 6 6 2
369 1 9 2 2 6 6 2
370 1 9 2 2 6 6 2
371 1 9 2 2 6 6 2
372 1 9 2 2 6 6 2
373 1 9 2 2 6 6 2
374 1 9 2 2 6 6 2
375 1 9 2 2 6 6 2
376 1 9 2 2 6 6 2
377 1 9 2 2 6 6 2
378 1 9 2 2 6 6 2
379 1 9 2 2 6 6 2
380 1 9 2 2 6 6 2
381 1 9 2 2 6 6 2
382 1 9 2 2 6 6 2
383 1 9 2 2 6 6 2
384 1 9 2 2 6 6 2
385 1 9 2 2 6 6 2
386 1 9 2 2 6 6 2
387 1 9 2 2 6 6 2
388 1 9 2 2 6 6 2
389 1 9 2 2 6 6 2
390 1 9 2 2 6 6 2
391 1 9 2 2 6 6 2
392 1 9 2 2 6 6 2
393 1 9 2 2 6 6 2
394 1 9 2 2 6 6 2
395 1 9 2 2 6 6 2
396 1 9 2 2 6 6 2
397 1 9 2 2 6 6 2
398 1 9 2 2 6 6 2
399 1 9 2 2 6 6 2
400 1 9 2 2 6 6 2
401 1 9 2 2 6 6 2
402 1 9 2 2 6 6 2
403 1 9 2 2 6 6 2
404 1 9 2 2 6 6 2
405 1 9 2 2 6 6 2
406 1 9 2 2 6 6 2
407 1 9 2 2 6 6 2
408 1 9 2 2 6 6 2
409 1 9 2 2 6 6 2
410 1 9 2 2 6 6 2
411 1 9 2 2 6 6 2
412 1 9 2 2 6 6 2
413 1 9 2 2 6 6 2
414 1 9 2 2 6 6 2
415 1 9 2 2 6 6 2
416 1 9 2 2 6 6 2
417 1 9 2 2 6 6 2
418 1 9 2 2 6 6 2
419 1 9 2 2 6 6 2
420 1 9 2 2 6 6 2
421 1 9 2 2 6 6 2
422 1 9 2 2 6 6 2
423 1 9 2 2 6 6 2
424 1 9 2 2 6 6 2
425 1 9 2 2 6 6 2
426 1 9 2 2 6 6 2
427 1 9 2 2 6 6 2
428 1 9 2 2 6 6 2
429 1 9 2 3 6 6 2
430 1 9 2 2 6 6 2
431 1 9 2 2 6 6 2
432 1 9 2 2 6 6 2
433 1 9 2 2 6 6 2
434 1 9 2 2 6 6 2
435 1 9 2 2 6 6 2
436 1 9 2 2 6 6 2
437 1 9 2 2 6 6 2
438 1 9 2 2 6 6 2
439 1 9 2 2 6 6 2
440 1 9 2 2 6 7 2
441 1 9 2 2 6 6 2
442 1 9 2 2 6 6 2
443 1 9 2 2 6 6 2
444 1 9 2 2 6 6 2
445 1 9 2 2 6 6 2
446 1 9 2 2 6 6 2
447 1 9 2 2 6 7 2
448 1 9 2 2 6 6 2
449 1 9 2 2 6 6 2
450 1 9 2 2 6 6 2
451 1 9 2 2 6 6 2
452 1 9 2 2 6 6 2
453 1 9 2 2 6 6 2
454 1 9 2 2 6 6 2
455 1 9 2 2 6 6 2
456 1 9 2 2 6 6 2
457 1 9 2 2 6 6 2
458 1 9 2 2 6 6 2
459 1 9 2 2 6 6 2
460 1 9 2 2 6 6 2
461 1 9 2 2 6 6 2
462 1 9 2 2 6 6 2
463 1 9 2 2 6 6 2
464 1 9 2 2 6 6 2
465 1 9 2 2 6 6 2
466 1 9 2 2 6 6 2
467 1 9 2 2 6 6 2
468 1 9 2 2 6 6 2
469 1 9 2 2 6 6 2
470 1 9 2 3 6 6 2
471 1 9 2 2 6 6 2
472 1 9 2 2 6 6 2
473 1 9 2 2 6 6 2
474 1 9 2 2 6 6 2
475 1 9 2 2 6 6 2
476 1 9 2 2 6 6 2
477 1 9 2 2 6 6 2
478 1 9 2 2 6 6 2
479 1 9 2 2 6 6 2
480 1 9 2 2 6 6 2
481 1 9 2 2 6 6 2
482 1 9 2 2 6 6 2
483 1 9 2 2 6 6 2
484 1 9 2 2 6 6 2
485 1 9 2 2 6 6 2
486 1 9 2 2 6 6 2
487 1 9 2 2 6 6 2
488 1 9 2 2 6 6 2
489 1 9 2 2 6 6 2
490 1 9 2 2 6 6 2
491 1 9 2 2 6 6 2
492 1 9 3 2 6 6 2
493 1 9 2 2 6 6 2
494 1 9 2 2 6 6 2
495 1 9 2 2 6 6 2
496 1 9 2 2 6 6 2
497 1 9 2 2 6 6 2
498 1 9 2 2 6 6 2
499 1 9 2 2 6 6 2
500 1 9 2 2 6 6 2
501 1 9 2 2 6 6 2
502 1 9 2 2 6 6 2
503 1 9 2 2 6 6 2
504 1 9 2 2 6 6 2
505 1 9 2 2 6 6 2
506 1 9 2 2 6 6 2
507 1 9 2 2 6 6 2
508 1 9 2 2 6 6 2
509 1 9 2 2 6 6 2
510 1 9 2 2 6 6 2
511 1 9 2 2 6 6 2
512 1 9 2 2 6 6 2
513 1 9 2 2 6 6 2
514 1 9 2 2 6 6 2
515 1 9 2 2 6 6 2
516 1 9 2 2 6 6 2
517 1 9 2 2 6 6 2
518 1 9 2 2 6 6 2
519 1 9 2 2 6 6 2
520 1 9 2 2 6 6 2
521 1 9 2 2 6 6 2
522 1 9 2 2 6 6 2
523 1 9 2 2 6 6 2
524 1 9 2 2 6 6 2
525 1 9 2 2 6 6 2
526 1 9 2 2 6 6 2
527 1 9 2 2 6 6 2
528 1 9 2 2 6 6 2
529 1 9 2 2 6 6 2
530 1 9 2 2 7 6 2
531 1 9 2 2 6 6 2
532 1 9 2 2 6 6 2
533 1 9 2 2 6 6 2
534 1 9 2 2 6 6 2
535 1 9 2 2 6 6 2
536 1 9 2 2 6 6 2
537 1 9 2 2 6 6 2
538 1 9 2 2 6 6 2
539 1 9 2 2 6 6 2
540 1 9 2 2 6 6 2
541 1 9 2 2 6 6 2
542 1 9 2 2 6 6 2
543 1 9 2 2 6 6 2
544 1 9 2 2 6 6 2
545 1 9 2 2 6 6 2
546 1 9 2 2 6 6 2
547 1 9 2 2 6 6 2
548 1 9 2 2 6 6 2
549 1 9 2 2 6 6 2
550 1 9 2 2 6 6 2
551 1 9 2 2 6 6 2
552 1 9 2 2 6 6 2
553 1 9 2 2 6 6 2
554 1 9 2 2 6 6 2
555 1 9 2 2 6 6 2
556 1 9 2 2 6 6 2
557 1 9 2 2 6 6 2
558 1 9 2 2 7 6 2
559 1 9 2 2 6 6 2
560 1 9 2 2 6 6 2
561 1 9 2 2 6 6 2
562 1 9 2 2 6 6 2
563 1 9 2 2 6 6 2
564 1 9 3 2 6 6 2
565 1 9 2 2 6 6 2
566 1 9 2 2 6 6 2
567 1 9 2 2 6 6 2
568 1 9 2 2 6 6 2
569 1 9 2 2 6 6 2
570 1 9 2 2 6 6 2
571 1 9 2 2 6 6 2
572 1 9 2 2 6 6 2
573 1 9 2 2 6 6 2
574 1 9 2 2 6 6 2
575 1 9 2 2 6 6 2
576 1 9 2 2 6 6 2
577 1 9 2 2 6 6 2
578 1 9 2 2 6 6 2
579 1 9 2 2 6 6 2
580 1 9 2 2 6 6 2
581 1 9 2 2 6 6 2
582 1 9 2 2 6 6 2
583 1 9 2 2 6 6 2
584 1 9 2 2 6 6 2
585 1 9 2 2 6 6 2
586 1 9 2 2 6 6 2
587 1 9 2 2 6 6 2
588 1 9 2 2 6 6 2
589 1 9 2 2 6 6 2
590 1 9 2 2 6 6 2
591 1 9 2 2 6 6 2
592 1 9 2 2 6 6 2
593 1 9 2 2 6 6 2
594 1 9 2 2 6 6 2
595 1 9 2 2 6 6 2
596 1 9 2 2 6 6 2
597 1 9 2 2 6 6 2
598 1 9 2 2 6 6 2
599 1 9 2 2 6 6 2
600 1 9 2 2 6 6 2
601 1 9 2 2 6 6 2
602 1 9 2 2 6 6 2
603 1 9 2 2 6 6 2
604 1 9 2 2 6 6 2
605 1 9 2 2 6 6 3
606 1 9 2 2 6 6 2
607 1 9 2 2 6 6 2
608 1 9 2 2 6 6 2
609 1 9 2 2 6 6 2
610 1 9 2 2 6 6 2
611 1 9 2 2 6 6 2
612 1 9 2 2 6 6 2
613 1 9 2 2 6 6 2
614 1 9 2 2 6 6 2
615 1 9 2 2 6 6 2
616 1 9 2 2 6 6 2
617 1 9 2 2 6 6 2
618 1 9 2 2 6 6 2
619 1 9 2 2 6 6 2
620 1 9 2 2 6 6 2
621 1 9 2 2 6 6 2
622 1 9 2 2 6 6 2
623 1 9 2 2 6 6 2
624 1 9 2 2 6 6 2
625 1 9 2 2 6 6 2
626 1 9 2 2 6 6 2
627 1 9 2 2 6 6 2
628 1 9 2 2 6 6 2
629 1 9 2 2 6 6 2
630 1 9 2 2 6 6 2
631 1 9 2 2 6 6 2
632 2 9 2 2 6 6 2
633 1 9 2 2 6 6 2
634 1 9 2 2 6 6 2
635 1 9 2 2 6 6 2
636 1 9 2 2 6 6 2
637 1 9 2 2 6 6 2
638 1 9 2 2 6 6 2
639 1 9 2 2 6 6 2
640 1 9 2 2 6 6 2
641 1 9 2 2 6 6 2
642 1 9 2 2 6 6 2
643 1 9 2 2 6 6 2
644 1 9 2 2 6 6 2
645 1 9 2 2 6 6 2
646 1 9 2 2 6 6 2
647 1 9 2 2 6 6 2
648 1 9 2 2 6 6 2
649 1 9 2 2 6 6 2
650 1 9 2 2 6 6 2
651 1 9 2 2 6 6 2
652 1 9 2 2 6 6 2
653 1 9 2 2 6 6 2
654 1 9 2 2 6 6 2
655 1 9 2 2 6 6 2
656 1 9 2 2 6 6 2
657 1 9 2 2 6 6 2
658 1 9 2 2 6 6 2
659 1 9 2 2 6 6 2
660 1 9 2 2 6 6 2
661 1 9 2 2 6 6 2
662 1 9 2 2 6 6 2
663 1 9 2 2 6 6 2
664 1 9 2 2 6 6 2
665 1 9 2 2 6 6 2
666 1 9 2 2 6 6 2
667 1 9 2 2 6 6 2
668 1 9 2 2 6 6 2
669 1 9 2 2 6 6 2
670 1 9 2 2 6 6 2
671 1 9 2 2 6 6 2
672 1 9 2 2 6 6 2
673 1 9 2 2 6 6 2
674 1 9 2 2 6 6 2
675 1 9 2 2 6 6 2
676 1 9 2 2 6 6 2
677 1 9 2 2 7 6 2
678 1 9 2 2 6 6 2
679 1 9 2 2 6 6 2
680 1 9 2 2 6 6 2
681 1 9 2 2 6 6 2
682 1 9 2 2 6 6 2
683 1 9 2 2 6 6 2
684 1 9 2 2 6 6 2
685 1 9 2 2 6 6 2
686 1 9 2 2 6 6 2
687 1 9 2 2 6 6 2
688 1 9 2 2 6 6 2
689 1 9 2 2 6 6 2
690 1 9 2 2 6 6 2
691 1 9 2 2 6 6 2
692 1 9 2 2 6 6 2
693 1 9 2 2 6 6 2
694 1 9 2 2 6 6 2
695 1 9 2 2 6 6 2
696 1 9 2 2 6 6 2
697 1 9 2 2 6 6 2
698 1 9 2 2 6 6 2
699 1 9 2 2 6 6 2
700 1 9 2 2 6 6 2
701 1 9 2 2 6 6 2
702 1 9 2 2 6 6 2
703 1 9 2 2 6 6 2
704 1 9 2 2 6 6 2
705 1 9 2 2 6 6 2
706 1 9 2 2 6 6 2
707 1 9 2 2 6 6 2
708 1 9 2 2 6 6 2
709 1 9 2 2 6 6 2
710 1 9 2 2 6 6 2
711 1 9 2 2 6 6 2
712 1 9 2 2 6 6 2
713 1 9 2 2 6 6 2
714 1 9 2 2 6 6 2
715 1 9 2 2 6 6 2
716 1 9 2 2 6 6 2
717 1 9 2 2 6 6 2
718 1 9 2 2 6 6 2
719 1 9 2 2 6 6 2
720 1 9 2 2 6 6 2
721 1 9 2 2 6 6 2
722 1 9 2 2 6 6 2
723 1 9 2 2 6 6 2
724 1 9 2 2 6 6 2
725 1 9 2 2 6 6 2
726 1 9 2 2 6 6 2
727 1 9 2 2 6 6 2
728 1 9 2 2 6 6 2
729 1 9 2 2 6 6 2
730 1 9 2 2 6 6 2
731 1 9 2 2 6 6 2
732 1 9 2 2 6 6 2
733 1 9 2 2 6 6 2
734 1 9 2 2 6 6 2
735 1 9 2 2 6 6 2
736 1 9 2 2 6 6 2
737 1 9 2 2 6 6 2
738 1 9 2 2 6 6 2
739 1 9 2 2 6 6 2
740 1 9 2 2 6 6 2
741 1 9 2 2 6 6 2
742 1 9 2 2 6 6 2
743 1 9 2 2 6 6 2
744 1 9 2 2 6 6 2
745 1 9 2 2 6 6 2
746 1 9 2 2 6 6 2
747 1 9 2 2 6 6 2
748 1 9 2 2 6 6 2
749 1 9 2 2 6 6 2
750 1 9 2 2 6 6 2
751 1 9 2 2 6 6 2
752 1 9 2 2 6 6 2
753 2 9 2 2 6 6 2
754 1 9 2 2 6 6 2
755 1 9 2 2 6 6 2
756 1 9 2 2 6 6 2
757 1 9 2 2 6 6 2
758 1 9 2 2 6 6 2
759 1 9 2 2 6 6 2
760 1 9 2 2 6 6 2
761 1 9 2 2 6 6 2
762 1 9 2 2 6 6 2
763 1 9 2 2 6 6 2
764 1 9 2 2 6 6 2
765 1 9 2 2 6 6 2
766 1 9 2 2 6 6 2
767 1 9 2 2 6 6 2
768 1 9 2 2 6 6 2
769 1 9 2 2 6 6 2
770 1 9 2 2 6 6 2
771 1 9 2 2 6 6 2
772 1 9 2 2 6 6 2
773 1 9 2 2 6 6 2
774 1 9 2 2 6 6 2
775 1 9 2 2 6 6 2
776 1 9 2 2 6 6 2
777 1 9 2 2 6 6 2
778 1 9 2 2 6 6 2
779 1 9 2 2 6 6 2
780 1 9 2 2 6 6 2
781 1 9 2 2 6 6 2
782 1 9 2 2 6 6 2
783 1 9 2 2 6 6 2
784 1 9 2 2 6 6 2
785 1 9 2 2 6 6 2
786 1 9 2 2 6 6 2
787 1 9 2 2 6 6 2
788 1 9 2 2 6 6 2
789 1 9 2 2 6 6 2
790 1 9 2 2 6 6 2
791 1 9 2 2 6 6 2
792 1 9 2 2 6 6 2
793 1 9 2 2 6 6 2
794 1 9 2 2 6 6 2
795 1 9 2 2 6 6 2
796 1 9 2 2 6 6 2
797 1 9 2 2 6 6 2
798 1 9 2 2 6 6 2
799 1 9 2 2 6 6 2
800 1 9 2 2 6 6 2
801 1 9 2 2 6 6 2
802 1 9 2 2 6 6 2
803 1 9 2 2 6 6 2
804 1 9 2 2 6 6 2
805 1 9 2 2 6 6 2
806 1 9 2 2 6 6 2
807 1 9 2 3 6 6 2
808 1 9 2 2 6 6 2
809 1 9 2 2 6 6 2
810 1 9 2 2 6 6 2
811 1 9 2 2 6 6 2
812 1 9 2 2 6 6 2
813 1 9 2 2 6 6 2
814 1 9 2 2 6 6 2
815 1 9 2 2 6 6 2
816 1 9 2 2 6 6 2
817 1 9 2 2 6 6 2
818 1 9 2 2 6 6 2
819 1 9 2 2 6 6 2
820 1 9 2 2 6 6 2
821 1 9 2 2 6 6 2
822 1 9 2 2 6 6 2
823 1 9 2 2 6 6 2
824 1 9 2 2 6 6 2
825 1 9 2 2 6 6 2
826 1 9 2 2 6 6 2
827 1 9 2 2 6 6 2
828 1 9 2 2 6 6 2
829 1 9 2 2 6 6 2
830 1 9 2 2 6 6 2
831 1 9 2 2 6 6 2
832 1 9 2 2 6 6 2
833 1 9 2 2 6 6 2
834 1 9 2 2 6 6 2
835 1 9 2 2 6 6 2
836 1 9 2 2 6 6 2
837 1 9 2 2 6 6 2
838 1 9 2 2 6 6 2
839 1 9 2 2 6 6 2
840 1 9 2 2 6 6 2
841 1 9 2 2 6 6 2
842 1 9 2 2 6 6 2
843 1 9 2 2 6 6 2
844 1 9 2 2 6 6 2
845 1 9 2 2 6 6 2
846 1 9 2 2 6 6 2
847 1 9 2 2 6 6 2
848 1 9 2 2 6 6 2
849 1 9 2 2 6 6 2
850 1 9 2 2 6 6 2
851 1 9 2 2 6 6 2
852 1 9 2 2 6 6 2
853 1 9 2 2 6 6 2
854 1 9 2 2 6 6 2
855 1 9 2 2 6 6 2
856 1 9 2 2 6 6 2
857 1 9 2 2 6 6 2
858 1 9 2 2 6 6 2
859 1 9 2 2 6 6 2
860 1 9 2 2 6 6 2
861 1 9 2 2 6 6 2
862 1 9 2 2 6 6 2
863 1 9 2 2 6 6 2
864 1 9 2 2 6 6 2
865 1 9 2 2 6 6 2
866 1 9 2 2 6 6 2
867 1 9 2 2 6 6 2
868 1 9 2 2 6 6 2
869 1 9 2 2 6 6 2
870 1 9 2 2 6 6 2
871 1 9 2 2 6 6 2
872 1 9 2 2 6 6 2
873 1 9 2 2 6 6 2
874 1 9 2 2 6 6 2
875 1 9 2 2 6 6 2
876 1 9 2 2 6 6 2
877 1 9 2 2 6 6 2
878 1 9 2 2 6 6 2
879 1 9 2 2 6 6 2
880 1 9 2 2 6 6 2
881 1 9 2 2 6 6 2
882 1 9 2 2 6 6 2
883 1 9 2 2 6 6 2
884 1 9 2 2 6 6 2
885 1 9 2 2 6 6 2
886 1 9 2 2 6 6 2
887 1 9 2 2 6 6 2
888 1 9 2 2 6 6 2
889 1 9 2 2 6 6 2
890 1 9 2 2 6 6 2
891 1 9 2 2 6 6 2
892 1 9 2 2 6 6 2
893 1 9 2 2 6 6 2
894 1 9 2 2 6 6 2
895 1 9 2 2 6 6 2
896 1 9 2 2 6 6 2
897 1 9 2 2 6 6 2
898 1 9 2 2 6 6 2
899 1 9 2 2 6 6 2
900 1 9 2 2 6 6 2
901 1 9 2 2 6 6 2
902 1 9 2 2 6 6 2
903 1 9 2 2 6 6 2
904 1 9 2 2 6 6 2
905 1 9 2 2 6 6 2
906 1 9 2 2 6 6 2
907 1 9 2 2 6 6 2
908 1 9 2 2 6 6 2
909 1 9 2 2 6 6 2
910 1 9 2 2 6 6 2
911 1 9 2 2 6 6 2
912 1 9 2 2 6 6 2
913 1 9 2 2 6 6 2
914 1 9 2 2 6 6 2
915 1 9 2 2 6 6 2
916 1 9 2 2 6 6 2
917 1 9 2 2 6 6 2
918 1 9 2 2 6 7 2
919 1 9 2 2 6 6 2
920 1 9 2 2 6 6 2
921 1 9 2 2 6 6 2
922 1 9 2 2 6 6 2
923 1 9 2 2 6 6 2
924 1 9 2 2 6 6 2
925 1 9 2 2 6 6 2
926 1 9 2 2 6 6 2
927 1 9 2 2 6 6 2
928 1 9 2 2 6 6 2
929 1 9 2 2 6 6 2
930 1 9 2 2 6 6 2
931 1 9 2 2 6 6 2
932 1 9 2 2 6 6 2
933 1 9 2 2 6 6 2
934 1 9 2 2 6 6 2
935 1 9 2 2 6 6 2
936 1 9 2 2 6 6 2
937 1 9 2 2 6 6 2
938 1 9 2 2 6 6 2
939 1 9 2 2 6 6 2
940 1 9 2 2 6 6 2
941 1 9 2 2 6 6 2
942 1 9 2 2 6 6 2
943 1 9 2 2 6 6 2
944 1 9 2 2 6 6 2
945 1 9 2 2 6 6 2
946 1 9 2 2 6 6 2
947 1 9 3 2 6 6 2
948 1 9 2 2 6 6 2
949 1 9 2 2 6 6 2
950 1 9 2 2 6 6 2
951 1 9 2 2 6 6 2
952 1 9 2 2 6 6 2
953 1 9 2 2 6 6 2
954 1 9 2 2 6 6 2
955 1 9 2 2 6 6 2
956 1 9 2 2 6 6 2
957 1 9 2 2 6 6 2
958 1 9 2 2 6 6 2
959 1 9 2 2 6 6 2
960 1 9 2 2 6 6 2
961 1 9 2 2 6 6 2
962 1 9 2 2 6 6 2
963 1 9 2 2 6 6 2
964 1 9 2 2 6 6 2
965 1 9 2 2 6 6 2
966 1 9 2 2 6 6 2
967 1 9 2 2 6 6 2
968 1 9 2 2 6 6 2
969 1 9 2 2 6 6 2
970 1 9 2 2 6 6 2
971 1 9 2 2 6 6 2
972 1 9 2 2 6 6 2
973 1 9 2 2 6 6 2
974 1 9 2 2 6 6 2
975 1 9 2 2 6 6 2
976 1 9 2 2 6 6 2
977 1 9 2 2 6 6 2
978 1 9 2 2 6 6 2
979 1 9 2 2 6 6 2
980 1 9 2 2 6 6 2
981 1 9 2 2 6 6 2
982 1 9 2 2 6 6 2
983 1 9 2 2 6 6 2
984 1 9 2 2 6 6 2
985 1 9 2 2 6 6 2
986 1 9 2 2 6 6 2
987 1 9 2 2 6 6 2
988 1 9 2 2 6 6 2
989 1 9 2 2 6 6 2
990 1 9 2 2 6 6 2
991 1 9 2 2 6 6 2
992 1 9 2 2 6 6 2
993 1 9 2 2 6 6 2
994 1 9 2 2 6 6 2
995 1 9 2 2 6 6 2
996 1 9 2 2 6 6 2
997 1 9 2 2 6 6 2
998 1 9 2 2 6 6 2
999 1 9 2 2 6 6 2
1000 1 9 2 2 6 6 2
1001 1 9 2 2 6 6 2
1002 1 9 2 2 6 6 2
1003 1 9 2 2 6 6 2
1004 1 9 2 2 6 6 2
1005 1 9 2 2 6 6 2
1006 1 9 2 2 6 6 2
1007 1 9 2 2 6 6 2
1008 1 9 2 2 6 6 2
1009 1 9 2 2 6 6 2
1010 1 9 2 2 6 6 2
1011 1 9 2 2 6 6 2
1012 1 9 2 2 6 6 2
1013 1 9 2 2 6 6 2
1014 1 9 2 2 6 6 2
1015 1 9 2 2 6 6 2
1016 1 9 2 2 6 6 2
1017 1 9 2 2 6 6 2
1018 1 9 2 2 6 6 2
1019 1 9 2 2 6 6 2
1020 1 9 2 2 6 6 2
1021 1 9 2 2 6 6 2
1022 1 9 2 2 6 6 2
1023 1 9 2 2 6 6 2
1024 1 9 2 2 6 6 2
1025 1 9 2 2 6 6 2
1026 1 9 2 2 6 6 2
1027 1 9 2 2 6 6 2
1028 1 9 2 2 6 6 2
1029 1 9 2 2 6 6 2
1030 1 9 2 2 6 6 2
1031 1 9 2 2 6 6 2
1032 1 9 2 2 6 6 2
1033 1 9 2 2 6 6 2
1034 1 9 2 2 6 6 2
1035 1 9 2 2 6 6 2
1036 1 9 2 2 6 6 2
1037 1 9 2 2 6 6 2
1038 1 9 2 2 6 6 2
1039 1 9 2 2 6 6 2
1040 1 9 2 2 6 6 2
1041 1 9 2 2 6 6 2
1042 1 9 2 2 6 6 2
1043 1 9 2 2 6 6 2
1044 1 9 2 2 6 6 2
1045 1 9 2 2 6 6 2
1046 1 9 2 2 6 6 2
1047 1 9 2 2 6 6 2
1048 1 9 2 2 6 6 2
1049 1 9 2 2 6 6 2
1050 1 9 2 2 6 6 2
1051 1 9 2 2 6 6 2
1052 1 9 2 2 6 6 2
1053 1 9 2 2 6 6 2
1054 1 9 2 2 6 6 2
1055 1 9 2 2 6 6 3
1056 1 9 2 2 6 6 2
1057 1 9 2 2 6 6 2
1058 1 9 2 2 6 6 2
1059 1 9 2 2 6 6 2
1060 1 9 2 2 6 6 2
1061 1 9 2 2 6 6 2
1062 1 9 2 2 6 6 2
1063 1 9 2 2 6 6 2
1064 1 9 2 2 6 6 2
1065 1 9 2 2 6 6 2
1066 1 9 2 2 6 6 2
1067 1 9 2 2 6 6 2
1068 1 9 2 2 6 6 2
1069 1 9 2 2 6 6 2
1070 1 9 2 2 6 6 2
1071 1 9 2 2 6 6 2
1072 1 9 2 2 6 6 2
1073 1 9 2 2 6 6 2
1074 1 9 2 2 6 6 2
1075 1 9 2 2 6 6 2
1076 1 9 2 2 6 6 2
1077 1 9 2 2 6 6 2
1078 1 9 2 2 6 6 2
1079 1 9 2 2 6 6 2
1080 1 9 2 2 6 6 2
1081 1 9 2 2 6 6 2
1082 1 9 2 2 6 6 2
1083 1 9 2 2 6 6 2
1084 1 9 2 2 6 6 2
1085 1 9 2 2 6 6 2
1086 1 9 2 2 6 6 2
1087 1 9 2 2 6 6 2
1088 1 9 2 2 6 6 2
1089 1 9 2 2 6 6 2
1090 1 9 2 2 6 6 2
1091 1 9 2 2 6 6 2
1092 1 9 2 2 6 6 2
1093 1 9 2 2 6 6 2
1094 1 9 2 2 6 6 2
1095 1 9 2 2 6 6 2
1096 1 9 2 2 6 6 2
1097 1 9 2 2 6 6 2
1098 1 9 2 2 6 6 2
1099 1 9 2 2 6 6 2
1100 1 9 2 2 6 6 2
1101 1 9 2 2 6 6 2
1102 1 9 2 2 6 6 2
1103 1 9 2 2 6 6 2
1104 1 9 2 2 6 6 2
1105 1 9 2 2 6 6 2
1106 1 9 2 2 6 6 2
1107 1 9 2 2 6 6 2
1108 1 9 2 2 6 6 2
1109 1 9 2 2 6 6 2
