1 4 14 4 7 2
2 3 14 4 7 2
3 3 14 4 7 2
4 3 14 4 7 2
5 3 14 4 7 2
6 3 14 4 7 2
7 3 14 4 7 2
8 3 14 4 7 2
9 3 14 4 7 2
10 3 14 4 7 2
11 3 14 4 7 2
12 3 14 4 7 2
13 3 14 4 7 2
14 3 14 4 7 2
15 3 14 4 7 2
16 3 14 4 7 2
17 3 14 4 7 2
18 3 14 4 7 2
19 3 14 4 7 2
20 3 14 4 7 2
21 3 14 4 7 2
22 3 14 4 7 2
23 3 14 4 7 2
24 3 14 4 7 2
25 3 14 4 7 2
26 3 14 4 7 2
27 3 14 4 7 2
28 3 14 4 7 2
29 3 14 4 7 2
30 3 14 4 7 2
31 3 14 4 7 2
32 3 14 4 7 2
33 3 14 4 7 2
34 3 14 4 7 2
35 3 14 4 7 2
36 3 14 4 7 2
37 3 14 4 7 2
38 3 14 4 7 2
39 3 14 4 7 2
40 3 14 4 7 2
41 3 14 4 7 2
42 3 14 4 7 2
43 3 14 4 7 2
44 3 14 4 7 2
45 3 14 4 7 2
46 3 14 4 7 2
47 3 14 4 7 2
48 3 14 4 7 2
49 3 14 4 7 2
50 3 14 4 7 2
51 3 14 4 7 2
52 3 14 4 7 2
53 3 14 4 7 2
54 3 14 4 7 2
55 3 14 4 7 2
56 3 14 4 7 2
57 3 14 4 7 2
58 3 14 4 7 2
59 3 14 4 7 2
60 3 14 4 7 2
61 3 14 4 7 2
62 3 14 4 7 2
63 3 14 4 7 2
64 3 14 4 7 2
65 3 14 4 7 2
66 4 14 4 7 2
67 3 14 4 7 2
68 3 14 4 7 2
69 3 14 4 7 2
70 3 14 4 7 2
71 3 14 4 7 2
72 3 14 4 7 2
73 3 14 4 7 2
74 3 14 4 7 2
75 3 14 4 7 2
76 3 14 4 7 2
77 3 14 4 7 2
78 3 14 4 7 2
79 3 14 4 7 2
80 3 14 4 7 2
81 3 14 4 7 2
82 3 14 4 7 2
83 3 14 4 7 2
84 3 14 4 7 2
85 3 14 4 7 2
86 3 14 4 7 2
87 3 14 4 7 2
88 3 14 4 7 2
89 3 14 4 7 2
90 3 14 4 7 2
91 3 14 4 7 2
92 3 14 4 7 2
93 3 14 4 7 2
94 3 14 4 7 2
95 3 14 4 7 2
96 3 14 4 7 2
97 3 14 4 7 2
98 3 14 4 7 2
99 3 14 4 7 2
100 3 14 4 7 2
101 3 14 4 7 2
102 3 14 4 7 2
103 3 14 4 7 2
104 3 14 4 7 2
105 3 14 4 7 2
106 3 14 4 7 2
107 3 14 4 7 2
108 3 14 4 7 2
109 3 14 4 7 2
110 3 14 4 7 2
111 3 14 4 7 2
112 3 14 4 7 2
113 3 14 4 7 2
114 3 14 4 7 2
115 3 14 4 7 2
116 3 14 4 7 2
117 3 14 4 7 2
118 3 14 4 7 2
119 3 14 4 7 2
120 3 14 4 7 2
121 3 14 4 7 2
122 3 14 4 7 2
123 3 14 4 7 2
124 3 14 4 7 2
125 3 14 4 7 2
126 3 14 4 7 2
127 3 14 4 7 2
128 3 14 4 7 2
129 3 14 4 7 2
130 3 14 4 7 2
131 3 14 4 7 2
132 3 14 4 7 2
133 3 14 4 7 2
134 3 14 4 7 2
135 3 14 4 7 2
136 3 14 4 7 2
137 3 14 4 7 2
138 3 14 4 7 2
139 3 14 4 7 2
140 3 14 4 7 2
141 3 14 4 7 2
142 3 14 4 7 2
143 3 14 4 7 2
144 3 14 4 7 2
145 3 14 4 7 2
146 3 14 4 7 2
147 3 14 4 7 2
148 3 14 4 7 2
149 3 14 4 7 2
150 3 14 4 7 2
151 3 14 5 7 2
152 3 14 4 7 2
153 3 14 4 7 2
154 3 14 4 7 2
155 3 14 4 7 2
156 3 14 4 7 2
157 3 14 4 7 2
158 3 14 4 7 2
159 3 14 4 7 2
160 3 14 4 7 2
161 3 14 4 7 2
162 3 14 4 7 2
163 3 14 4 7 2
164 3 14 4 7 2
165 3 14 4 7 2
166 3 14 4 7 2
167 3 14 4 7 2
168 3 14 4 7 2
169 3 14 4 7 2
170 3 14 4 7 2
171 3 14 4 7 2
172 3 14 4 7 2
173 3 14 4 7 2
174 3 14 4 7 2
175 3 14 4 7 2
176 3 14 4 7 2
177 3 14 4 7 2
178 3 14 4 7 2
179 3 14 4 7 2
180 3 14 4 7 2
181 3 14 4 7 2
182 3 14 4 7 2
183 3 14 4 7 2
184 3 14 4 7 2
185 3 14 4 7 2
186 3 14 4 7 2
187 3 14 4 7 2
188 3 14 4 7 2
189 3 14 4 7 2
190 3 14 4 7 2
191 3 14 4 7 2
192 3 14 4 7 2
193 3 14 4 7 2
194 3 14 4 7 2
195 3 14 4 7 2
196 3 14 4 7 2
197 3 14 4 7 2
198 3 14 4 7 2
199 3 14 4 7 2
200 3 14 4 7 2
201 3 14 4 7 2
202 3 14 4 7 2
203 3 14 4 7 2
204 3 14 4 7 2
205 3 14 4 7 2
206 3 14 4 7 2
207 3 14 4 7 2
208 3 14 4 7 2
209 3 14 4 7 2
210 3 14 4 7 2
211 3 14 4 7 2
212 3 14 4 7 2
213 3 14 4 7 2
214 3 14 4 7 2
215 3 14 4 7 2
216 3 14 4 7 2
217 3 14 4 7 2
218 3 14 4 7 2
219 3 14 4 7 2
220 3 14 4 7 2
221 3 14 4 7 2
222 3 14 4 7 2
223 3 14 4 7 2
224 3 14 4 7 2
225 3 14 4 7 2
226 3 14 4 7 2
227 3 14 4 7 2
228 3 14 4 7 2
229 3 14 4 7 2
230 3 14 4 7 2
231 3 14 4 7 2
232 3 14 4 7 2
233 3 14 4 7 2
234 3 14 4 7 2
235 3 14 4 7 2
236 3 14 4 7 2
237 3 14 4 7 2
238 3 14 4 7 2
239 3 14 4 7 2
240 3 14 4 7 2
241 3 14 4 7 2
242 3 14 4 7 2
243 3 14 4 7 2
244 3 14 4 7 2
245 3 14 4 7 2
246 3 14 4 7 2
247 3 14 4 7 2
248 3 14 4 7 2
249 3 14 4 7 2
250 3 14 4 7 2
251 3 14 4 7 2
252 3 14 4 7 2
253 3 14 4 7 2
254 3 14 4 7 2
255 3 14 4 7 2
256 3 14 4 7 2
257 3 14 4 7 2
258 3 14 4 7 2
259 3 14 4 7 2
260 3 14 4 7 2
261 3 14 4 7 2
262 3 14 4 7 2
263 3 14 4 7 2
264 3 14 4 7 2
265 3 14 4 7 2
266 3 14 4 7 2
267 3 14 4 7 2
268 3 14 4 7 2
269 3 14 4 7 2
270 3 14 4 7 2
271 3 14 4 7 2
272 3 14 4 7 2
273 3 14 4 7 2
274 3 14 4 7 2
275 3 14 4 7 2
276 3 14 4 7 2
277 3 14 4 7 2
278 3 14 4 7 2
279 3 14 4 7 2
280 3 14 4 7 2
281 3 14 4 7 2
282 3 14 4 7 2
283 3 14 4 7 2
284 3 14 4 7 2
285 3 14 4 7 2
286 3 14 4 7 2
287 3 14 4 7 2
288 3 14 4 7 2
289 3 14 4 7 2
290 3 14 4 7 2
291 3 14 4 7 2
292 3 14 4 7 2
293 3 14 4 7 2
294 3 14 4 7 2
295 3 14 4 7 2
296 3 14 4 7 2
297 3 14 4 7 2
298 3 14 4 7 2
299 3 14 4 7 2
300 3 14 4 7 2
301 3 14 4 7 2
302 3 14 4 7 2
303 3 14 4 7 2
304 3 14 4 7 2
305 3 14 4 7 2
306 3 14 4 7 2
307 3 14 4 7 2
308 3 14 4 7 2
309 3 14 4 7 2
310 3 14 4 7 2
311 3 14 4 7 2
312 3 14 4 7 2
313 3 14 4 7 2
314 3 14 4 7 2
315 3 14 4 7 2
316 3 14 4 7 2
317 3 14 4 7 2
318 3 14 4 7 2
319 3 14 4 7 2
320 3 14 4 7 2
321 3 14 4 7 2
322 3 14 4 7 2
323 3 14 4 7 2
324 3 14 4 7 2
325 3 14 4 7 2
326 3 14 4 7 2
327 3 14 4 7 2
328 3 14 4 7 2
329 3 14 4 7 2
330 4 14 4 7 2
331 3 14 4 7 2
332 3 14 4 7 2
333 3 14 4 7 2
334 3 14 4 7 2
335 3 14 4 7 2
336 3 14 4 7 2
337 3 14 4 7 2
338 3 14 4 7 2
339 3 14 4 7 2
340 3 14 4 7 2
341 3 14 4 7 2
342 3 14 4 7 2
343 3 14 4 7 2
344 3 14 4 7 2
345 3 14 4 7 2
346 3 14 4 7 2
347 3 14 4 7 2
348 3 14 4 7 2
349 3 14 4 7 2
350 3 14 4 7 2
351 3 14 4 7 2
352 3 14 4 7 2
353 3 14 4 7 2
354 3 14 4 7 2
355 3 14 4 7 2
356 3 14 4 7 2
357 3 14 4 7 2
358 3 14 4 7 2
359 3 14 4 7 2
360 3 14 4 7 2
361 3 14 4 7 2
362 3 14 4 7 2
363 3 14 4 7 2
364 3 14 4 7 2
365 3 14 4 7 2
366 3 14 4 7 2
367 3 14 4 7 2
368 3 14 4 7 2
369 3 14 4 7 2
370 3 14 4 7 2
371 3 14 4 7 2
372 4 14 4 7 2
373 3 14 4 7 2
374 3 14 4 7 2
375 3 14 4 7 2
376 3 14 4 7 2
377 3 14 4 7 2
378 3 14 4 7 2
379 3 14 4 7 2
380 3 14 4 7 2
381 3 14 4 7 2
382 3 14 4 7 2
383 3 14 4 7 2
384 3 14 4 7 2
385 3 14 4 7 2
386 3 14 4 7 2
387 3 14 4 7 2
388 3 14 4 7 2
389 3 14 4 7 2
390 3 14 4 7 2
391 3 14 4 7 2
392 3 14 4 7 2
393 3 14 4 7 2
394 3 14 4 11 2
395 3 14 4 7 2
396 3 14 4 7 2
397 3 14 4 7 2
398 3 14 4 7 2
399 3 14 4 7 2
400 3 14 4 7 2
401 3 14 4 7 2
402 3 14 4 7 2
403 3 14 5 7 2
404 3 14 4 7 2
405 3 14 4 7 2
406 3 14 4 7 2
407 3 14 4 7 2
408 3 14 4 7 2
409 3 14 4 7 2
410 3 14 4 7 2
411 3 14 4 7 2
412 3 14 4 7 2
413 3 14 4 7 2
414 3 14 4 7 2
415 3 14 4 7 2
416 3 14 4 7 2
417 3 14 4 7 2
418 3 14 4 7 2
419 3 14 4 7 2
420 3 14 4 7 2
421 3 14 4 7 2
422 3 14 4 7 2
423 3 14 4 7 2
424 3 14 4 7 2
425 3 14 4 7 2
426 3 14 4 7 2
427 3 14 4 7 2
428 3 14 4 7 2
429 3 14 4 7 2
430 3 14 4 7 2
431 3 14 4 7 2
432 3 14 4 7 2
433 3 14 4 7 2
434 3 14 4 7 2
435 3 14 4 7 2
436 3 14 4 7 2
437 3 14 4 7 2
438 3 14 4 7 2
439 3 14 4 7 2
440 3 14 4 7 2
441 3 14 4 7 2
442 3 14 4 7 2
443 3 14 4 7 2
444 3 14 4 7 2
445 3 14 4 7 2
446 3 14 4 7 2
447 3 14 4 7 2
448 3 14 4 7 2
449 3 14 4 7 2
450 3 14 4 7 2
451 3 14 4 7 2
452 3 14 4 7 2
453 3 14 4 7 2
454 3 14 4 7 2
455 3 14 4 7 2
456 3 14 4 7 2
457 3 14 4 7 2
458 3 14 4 7 2
459 3 14 4 7 2
460 3 14 4 7 2
461 3 14 4 7 2
462 3 14 4 7 2
463 3 14 4 7 2
464 3 14 4 7 2
465 3 14 4 7 2
466 3 14 4 7 2
467 3 14 4 7 2
468 3 14 4 7 2
469 3 14 4 7 2
470 3 14 4 7 2
471 3 14 4 7 2
472 3 14 4 7 2
473 3 14 4 7 2
474 3 14 4 7 2
475 3 14 4 7 2
476 3 14 4 7 2
477 3 14 4 7 2
478 3 14 4 7 2
479 3 14 4 7 2
480 3 14 4 7 2
481 3 14 4 7 2
482 3 14 4 7 2
483 3 14 4 7 2
484 3 14 4 7 2
485 3 14 4 7 2
486 3 14 4 7 2
487 3 14 4 7 2
488 3 14 4 7 2
489 3 14 4 7 2
490 3 14 4 7 2
491 3 14 4 8 2
492 3 14 4 7 2
493 3 14 4 7 2
494 3 14 4 7 2
495 3 14 4 7 2
496 3 14 4 7 2
497 3 14 4 7 2
498 3 14 4 7 2
499 3 14 4 7 2
500 3 14 4 7 2
501 3 14 4 7 2
502 3 14 4 7 2
503 3 14 4 7 2
504 3 14 4 7 2
505 3 14 4 7 2
506 3 14 4 7 2
507 3 14 4 7 2
508 3 14 4 7 2
509 3 14 4 7 2
510 3 14 4 7 2
511 3 14 4 7 2
512 3 14 4 7 2
513 3 14 4 7 2
514 3 14 4 7 2
515 3 14 4 7 2
516 3 14 4 7 2
517 3 14 4 7 2
518 3 14 4 7 2
519 3 14 4 7 2
520 3 14 4 7 2
521 3 14 4 7 2
522 3 14 4 7 2
523 3 14 4 7 2
524 3 14 4 7 2
525 3 14 4 7 2
526 3 14 4 7 2
527 3 14 4 7 2
528 3 14 4 7 2
529 3 14 4 7 2
530 3 14 4 7 2
531 3 14 4 7 2
532 3 14 4 7 2
533 3 14 4 7 2
534 3 14 4 7 2
535 3 14 4 7 2
536 3 14 4 7 2
537 3 14 4 7 2
538 3 14 4 7 2
539 3 14 4 7 2
540 3 14 4 7 2
541 3 14 4 7 2
542 3 14 4 7 2
543 3 14 4 7 2
544 3 14 4 7 2
545 3 14 4 7 2
546 3 14 4 7 2
547 3 14 4 7 2
548 3 14 4 7 2
549 3 14 4 7 2
550 3 14 4 7 2
551 3 14 4 7 2
552 3 14 4 7 2
553 3 14 4 7 2
554 3 14 4 7 2
555 3 14 4 7 2
556 3 14 4 7 2
557 3 14 4 7 2
558 3 14 4 7 2
559 3 14 4 7 2
560 3 14 4 7 2
561 3 14 4 7 2
562 3 14 4 7 2
563 3 14 4 7 2
564 3 14 4 7 2
565 3 14 4 7 2
566 3 14 4 7 2
567 3 14 4 7 2
568 3 14 4 7 2
569 3 14 4 7 2
570 3 14 4 7 2
571 3 14 4 7 2
572 3 14 4 7 2
573 3 14 4 7 2
574 3 14 4 7 2
575 3 14 4 7 2
576 3 14 4 7 2
577 3 14 4 7 2
578 3 14 4 7 2
579 3 14 4 7 2
580 3 14 4 7 2
581 3 14 4 7 2
582 3 14 4 7 2
583 3 14 4 7 2
584 3 14 4 7 2
585 3 14 4 7 2
586 3 14 4 7 2
587 3 14 4 7 2
588 3 14 4 7 2
589 3 14 4 7 2
590 3 14 4 7 2
591 3 14 4 7 2
592 3 14 4 7 2
593 3 14 4 7 2
594 3 14 4 7 2
595 3 14 4 7 2
596 3 14 4 7 2
597 3 14 4 7 2
598 3 14 4 7 2
599 3 14 4 7 2
600 3 14 4 7 2
601 3 14 4 7 2
602 3 14 4 7 2
603 3 14 4 7 2
604 3 14 4 7 2
605 3 14 4 7 2
606 3 14 4 7 2
607 3 14 5 7 2
608 3 14 4 7 2
609 3 14 4 7 2
610 3 14 4 7 2
611 3 14 4 7 2
612 3 14 4 7 2
613 3 14 4 7 2
614 3 14 4 7 2
615 3 14 4 7 2
616 3 14 4 7 2
617 3 14 4 7 2
618 3 14 4 7 2
619 3 14 4 7 2
620 3 14 4 7 2
621 3 14 4 7 2
622 3 14 4 7 2
623 3 14 4 7 2
624 3 14 4 7 2
625 3 14 4 7 2
626 3 14 4 7 2
627 3 14 4 7 2
628 3 14 4 7 2
629 3 14 4 7 2
630 3 14 4 7 2
631 3 14 4 7 2
632 3 14 4 7 2
633 3 14 4 7 2
634 3 14 4 7 2
635 3 14 4 7 2
636 3 14 4 7 2
637 3 14 4 7 2
638 3 14 4 7 2
639 3 14 4 7 2
640 3 14 4 7 2
641 3 14 4 7 2
642 3 14 4 7 2
643 3 14 4 7 2
644 3 14 4 7 2
645 3 14 4 7 2
646 3 14 4 7 2
647 3 14 4 7 2
648 3 14 4 7 2
649 3 14 4 7 2
650 3 14 4 7 2
651 3 14 4 7 2
652 3 14 4 7 2
653 3 14 4 7 2
654 3 14 4 7 2
655 3 14 4 7 2
656 3 14 4 7 2
657 3 14 4 7 2
658 3 14 4 7 2
659 3 14 4 7 2
660 3 14 4 7 2
661 3 14 4 7 2
662 3 14 4 7 2
663 3 14 4 7 2
664 3 14 4 7 2
665 3 14 4 7 2
666 3 14 4 7 2
667 3 14 4 7 2
668 3 14 4 7 2
669 3 14 4 7 2
670 3 14 4 7 2
671 3 14 4 7 2
672 3 14 4 7 2
673 3 14 4 7 2
674 3 14 4 7 2
675 3 14 4 7 2
676 3 14 4 7 2
677 3 14 4 7 2
678 3 14 4 7 2
679 3 14 4 7 2
680 3 14 4 7 2
681 3 14 4 7 2
682 3 14 4 7 2
683 3 14 4 7 2
684 3 14 4 7 2
685 3 14 4 7 2
686 3 14 4 7 2
687 3 14 4 7 2
688 3 14 4 7 2
689 3 14 4 7 2
690 3 14 4 7 2
691 3 14 4 7 2
692 3 14 4 7 2
693 3 14 4 7 2
694 3 14 4 7 2
695 3 14 4 7 2
696 3 14 4 7 2
697 3 14 4 7 2
698 3 14 4 7 2
699 3 14 4 7 2
700 3 14 4 7 2
701 3 14 4 7 2
702 3 14 4 7 2
703 3 14 4 7 2
704 3 14 4 7 2
705 3 14 4 7 2
706 3 14 4 7 2
707 3 14 4 7 2
708 3 14 4 7 2
709 3 14 4 7 2
710 3 14 4 7 2
711 3 14 4 7 2
712 3 14 4 7 2
713 3 14 4 7 2
714 3 14 4 7 2
715 3 14 4 7 2
716 3 14 4 7 2
717 3 14 4 7 2
718 3 14 4 7 2
719 3 14 4 7 2
720 3 14 4 7 2
721 3 14 4 7 2
722 3 14 4 7 2
723 3 14 4 7 2
724 3 14 4 7 2
725 3 14 4 7 2
726 3 14 4 7 2
727 3 14 4 7 2
728 3 14 4 7 2
729 3 14 4 7 2
730 3 14 4 7 2
731 3 14 4 7 2
732 3 14 4 7 2
733 3 14 4 7 2
734 3 14 4 7 2
735 3 14 4 7 2
736 3 14 4 7 2
737 3 14 4 7 2
738 3 14 4 7 2
739 3 14 4 7 2
740 3 14 4 7 2
741 3 14 4 7 2
742 3 14 4 7 2
743 3 14 4 7 2
744 3 14 4 7 2
745 3 14 4 7 2
746 3 14 4 7 2
747 3 14 4 7 2
748 3 14 4 7 2
749 3 14 4 7 2
750 3 14 4 7 2
751 3 14 4 7 2
752 3 14 4 7 2
753 3 14 4 7 2
754 3 14 4 7 2
755 3 14 4 7 2
756 3 14 4 7 2
757 3 14 4 7 2
758 3 14 4 7 2
759 3 14 4 7 2
760 3 14 4 7 2
761 3 14 4 7 2
762 3 14 4 7 2
763 3 14 4 7 2
764 3 14 4 7 2
765 3 14 4 7 2
766 3 14 4 7 2
767 3 14 4 7 2
768 3 14 4 7 2
769 3 14 4 7 2
770 3 14 4 7 2
771 3 14 4 8 2
772 3 14 4 7 2
773 3 14 4 7 2
774 3 14 4 7 2
775 3 14 4 7 2
776 3 14 4 7 2
777 3 14 4 7 2
778 3 14 4 7 2
779 3 14 4 7 2
780 3 14 4 7 2
781 3 14 4 7 2
782 3 14 4 7 2
783 3 14 4 7 2
784 3 14 4 7 2
785 3 14 4 7 2
786 3 14 4 7 2
787 3 14 4 7 2
788 3 14 4 7 2
789 3 14 5 7 2
790 3 14 4 7 2
791 3 14 4 7 2
792 3 14 4 7 2
793 3 14 4 7 2
794 3 14 4 7 2
795 3 14 4 7 2
796 3 14 4 7 2
797 3 14 4 7 2
798 3 14 4 7 2
799 3 14 4 7 2
800 3 14 4 7 2
801 3 14 4 7 2
802 3 14 4 7 2
803 3 14 4 7 2
804 3 14 4 7 2
805 3 14 4 7 2
806 3 14 4 7 2
807 3 14 4 7 2
808 3 14 4 7 2
809 3 14 4 7 2
810 3 14 4 7 2
811 3 14 4 7 2
812 3 14 4 7 2
813 3 14 4 7 2
814 3 14 4 7 2
815 3 14 4 7 2
816 3 14 4 7 2
817 3 14 4 7 2
818 3 14 4 7 2
819 3 14 4 7 2
820 3 14 4 7 2
821 3 14 4 7 2
822 3 14 4 7 2
823 3 14 4 7 2
824 3 14 4 7 2
825 3 14 4 7 2
826 3 14 4 7 2
827 3 14 4 7 2
828 3 14 4 7 2
829 3 14 4 7 2
830 3 14 4 7 2
831 3 14 4 7 2
832 3 14 4 7 2
833 3 14 4 7 2
834 3 14 4 7 2
835 3 14 4 7 2
836 3 14 4 7 2
837 3 14 4 7 2
838 3 14 4 7 2
839 3 14 4 7 2
840 3 14 4 7 2
841 3 14 4 7 2
842 3 14 4 7 2
843 3 14 4 7 3
844 3 14 4 7 2
845 3 14 4 7 2
846 3 14 4 7 2
847 3 14 4 7 2
848 3 14 4 7 2
849 3 14 4 7 2
850 3 14 4 7 2
851 3 14 4 7 2
852 3 14 4 7 2
853 3 14 4 7 2
854 3 14 4 7 2
855 3 14 4 7 2
856 3 14 4 7 2
857 3 14 4 8 2
858 3 14 4 7 2
859 3 14 4 7 2
860 3 14 4 7 2
861 3 14 4 7 2
862 3 14 4 7 2
863 3 14 4 7 2
864 3 14 4 7 2
865 3 14 4 7 2
866 3 14 4 7 2
867 3 14 4 7 2
868 4 14 4 7 2
869 3 14 4 7 2
870 3 14 4 7 2
871 3 14 4 7 2
872 3 14 4 7 2
873 3 14 4 7 2
874 3 14 4 7 2
875 3 14 4 7 2
876 3 14 4 7 2
877 3 14 4 7 2
878 3 14 4 7 2
879 3 14 4 7 2
880 3 14 4 7 2
881 3 14 4 7 2
882 3 14 4 7 2
883 3 14 4 7 2
884 3 14 4 7 2
885 3 14 4 7 2
886 3 14 4 7 2
887 3 14 4 7 2
888 3 14 4 7 2
889 3 14 4 7 2
890 3 14 4 7 2
891 3 14 4 7 2
892 3 14 4 7 2
893 3 14 4 7 2
894 3 14 4 7 2
895 3 14 4 7 2
896 3 14 4 7 2
897 3 14 4 7 2
898 3 14 4 7 2
899 3 14 4 7 2
900 3 14 4 7 2
901 3 14 4 7 2
902 3 14 4 7 2
903 3 14 4 7 2
904 3 14 4 7 2
905 3 14 4 7 2
906 3 14 4 7 2
907 3 14 4 7 2
908 3 14 4 7 2
909 3 14 4 7 2
910 3 14 4 7 2
911 3 14 4 7 2
912 3 14 4 7 2
913 3 14 4 7 2
914 3 14 4 7 2
915 3 14 4 7 2
916 3 14 4 7 2
917 3 14 4 7 2
918 3 14 4 7 2
919 3 14 4 7 2
920 3 14 4 7 2
921 3 14 4 7 2
922 3 14 4 7 2
923 3 14 4 7 2
924 3 14 4 7 2
925 3 14 4 7 2
926 3 14 4 7 2
927 3 14 4 7 2
928 3 14 4 7 2
929 3 14 4 7 2
930 3 14 4 7 2
931 3 14 5 7 2
932 3 14 4 7 2
933 3 14 4 7 2
934 3 14 4 7 2
935 3 14 4 7 2
936 3 14 4 7 2
937 3 14 4 7 2
938 3 14 4 7 2
939 3 14 4 7 2
940 3 14 4 7 2
941 3 14 4 7 2
942 3 14 4 7 2
943 3 14 4 7 2
944 3 14 4 7 2
945 3 14 4 7 2
946 3 14 4 7 2
947 3 14 4 7 2
948 3 14 4 7 2
949 3 14 4 7 2
950 3 14 4 7 2
951 3 14 4 7 2
952 3 14 4 7 2
953 3 14 4 7 2
954 3 14 4 7 2
955 3 14 4 7 2
956 3 14 4 7 2
957 3 14 4 7 2
958 3 14 4 7 2
959 3 14 4 7 2
960 3 14 4 7 2
961 3 14 4 7 2
962 3 14 4 7 2
963 3 14 4 7 2
964 3 14 4 7 2
965 3 14 4 7 2
966 3 14 4 7 2
967 3 14 4 7 2
968 3 14 4 7 2
969 3 14 4 7 2
970 3 14 4 7 2
971 3 14 4 7 2
972 3 14 4 7 2
973 3 14 4 7 2
974 3 14 4 7 2
975 3 14 4 7 2
976 3 14 4 7 2
977 3 14 4 7 2
978 3 14 4 7 2
979 3 14 4 7 2
980 3 14 4 7 2
981 3 14 4 7 2
982 3 14 4 7 2
983 3 14 4 7 2
984 3 14 4 7 2
985 3 14 4 7 2
986 3 14 4 7 2
987 3 14 4 7 2
988 3 14 4 7 2
989 3 14 4 7 2
990 3 14 4 7 2
991 3 14 4 7 2
992 3 14 4 7 2
993 3 14 4 7 2
994 3 14 4 7 2
995 3 14 4 7 2
996 3 14 4 7 2
997 3 14 4 7 2
998 3 14 4 7 2
999 3 14 4 7 2
1000 3 14 4 7 2
1001 4 14 4 7 2
1002 3 14 4 7 2
1003 3 14 4 7 2
1004 3 14 4 7 2
1005 3 14 4 7 2
1006 3 14 4 7 2
1007 3 14 4 7 2
1008 3 14 4 7 2
1009 3 14 4 7 2
1010 3 14 4 7 2
1011 3 14 4 7 2
1012 3 14 4 7 2
1013 3 14 5 7 2
1014 3 14 4 7 2
1015 3 14 4 7 2
1016 3 14 4 7 2
1017 3 14 4 7 2
1018 3 14 4 7 2
1019 3 14 4 7 2
1020 3 14 4 7 2
1021 3 14 4 7 2
1022 3 14 4 7 2
1023 3 14 4 7 2
1024 3 14 4 7 2
1025 3 14 4 7 2
1026 3 14 4 7 2
1027 3 14 4 7 2
1028 3 14 4 7 2
1029 3 14 4 7 2
1030 3 14 4 7 2
1031 3 14 4 7 2
1032 3 14 4 7 2
1033 3 14 4 7 2
1034 3 14 4 7 2
1035 3 14 4 7 2
1036 3 14 4 7 2
1037 3 14 4 7 2
1038 3 14 4 7 2
1039 3 14 4 7 2
1040 3 14 4 7 2
1041 3 14 4 7 2
1042 3 14 4 7 2
1043 3 14 4 7 2
1044 3 14 4 7 2
1045 3 14 4 7 2
1046 3 14 4 7 2
1047 3 14 4 7 2
1048 4 14 4 7 2
1049 3 14 4 7 2
1050 3 14 4 7 2
1051 3 14 4 7 2
1052 3 14 4 7 2
1053 3 14 4 7 2
1054 3 14 4 7 2
1055 3 14 4 7 2
1056 3 14 4 7 2
1057 3 14 4 7 2
1058 3 14 4 7 2
1059 3 14 4 7 2
1060 3 14 4 7 2
1061 3 14 4 7 2
1062 3 14 4 7 2
1063 3 14 4 7 2
1064 3 14 4 7 2
1065 3 14 4 7 2
1066 3 14 4 7 2
1067 3 14 4 7 2
1068 3 14 4 7 2
1069 3 14 4 7 2
1070 3 14 4 7 2
1071 3 14 4 7 2
1072 3 14 4 7 2
1073 3 14 4 7 2
1074 3 14 4 7 2
1075 3 14 4 7 2
1076 3 14 4 7 2
1077 3 14 4 7 2
1078 3 14 4 7 2
1079 3 14 4 7 2
1080 3 14 4 7 2
1081 3 14 4 7 2
1082 3 14 4 7 2
1083 3 14 4 7 2
1084 3 14 4 7 2
1085 3 14 4 7 2
1086 3 14 4 7 2
1087 3 14 4 7 2
1088 3 14 4 7 2
1089 3 14 4 7 2
1090 3 14 4 7 2
1091 3 14 4 7 2
1092 3 14 4 7 2
1093 3 14 4 7 2
1094 3 14 4 7 2
1095 3 14 4 7 2
1096 3 14 4 7 2
1097 3 14 4 7 2
1098 3 14 4 7 2
1099 3 14 4 7 2
1100 3 14 4 7 2
1101 3 14 4 7 2
1102 3 14 4 7 2
1103 3 14 4 7 2
1104 3 14 4 7 2
1105 3 14 4 7 2
1106 3 14 4 7 2
1107 3 14 4 7 2
1108 3 14 4 7 2
1109 3 14 4 7 2
1110 3 14 4 7 2
1111 3 14 4 7 2
1112 3 14 4 7 2
1113 3 14 4 7 2
1114 3 14 4 7 2
1115 3 14 4 7 2
1116 3 14 4 7 2
1117 3 14 4 7 2
1118 3 14 4 7 2
1119 3 14 4 7 2
1120 3 14 4 7 2
1121 3 14 4 7 2
1122 3 14 4 7 2
1123 3 14 4 7 2
1124 3 14 4 7 2
1125 3 14 4 7 2
1126 3 14 4 7 2
1127 3 14 4 7 2
1128 3 14 4 7 2
1129 3 14 4 7 2
1130 3 14 4 7 2
1131 3 14 4 7 2
1132 3 14 4 7 2
1133 3 14 4 7 2
1134 3 14 4 7 2
1135 3 14 4 7 2
1136 3 14 5 7 2
1137 3 14 4 7 2
1138 3 14 4 7 2
1139 3 14 4 7 2
1140 3 14 4 7 2
1141 3 14 4 7 2
1142 3 14 4 7 2
1143 3 14 4 7 2
1144 3 14 4 7 2
1145 3 14 4 7 2
1146 3 14 4 7 2
1147 3 14 4 7 2
1148 3 14 4 7 2
1149 3 14 4 7 2
1150 3 14 4 7 2
1151 3 14 4 7 2
1152 3 14 4 7 2
1153 3 14 4 7 2
1154 3 14 4 7 2
1155 3 14 4 7 2
1156 3 14 4 7 2
1157 3 14 4 7 2
1158 3 14 4 7 2
1159 3 14 4 7 2
1160 3 14 4 7 2
1161 3 14 4 7 2
1162 3 14 4 7 2
1163 3 14 4 7 2
1164 3 14 4 7 2
1165 3 14 4 7 2
1166 3 14 4 7 2
1167 3 14 4 7 2
1168 3 14 4 7 2
1169 3 14 4 7 2
1170 3 14 4 7 2
1171 3 14 4 7 2
1172 3 14 4 7 2
1173 3 14 4 7 2
1174 3 14 4 7 2
1175 3 14 4 7 2
1176 3 14 4 7 2
1177 3 14 4 7 2
1178 3 14 4 7 2
1179 3 14 4 7 2
1180 3 14 4 7 2
1181 3 14 4 7 2
1182 3 14 4 7 2
1183 3 14 4 7 2
1184 3 14 4 7 2
1185 3 14 4 7 2
1186 3 14 4 7 2
1187 3 14 4 7 2
1188 3 14 4 7 2
1189 3 14 4 7 2
1190 3 14 4 7 2
1191 3 14 4 7 2
1192 3 14 4 7 2
1193 3 14 4 7 2
1194 3 14 4 7 2
1195 3 14 4 7 2
1196 3 14 4 7 2
1197 3 14 4 7 2
1198 3 14 4 7 2
1199 3 14 4 7 2
1200 3 14 4 7 2
1201 3 14 4 8 2
1202 3 14 4 7 2
1203 3 14 4 7 2
1204 3 14 4 7 2
1205 3 14 4 7 2
1206 3 14 4 7 2
1207 3 14 4 7 2
1208 3 14 4 7 2
1209 3 14 4 7 2
1210 3 14 4 7 2
1211 3 14 4 7 2
1212 3 14 4 7 2
1213 3 14 4 7 2
1214 3 14 4 7 2
1215 3 14 4 7 2
1216 3 14 4 7 2
1217 3 14 4 7 2
1218 3 14 4 7 2
1219 3 14 4 7 2
1220 3 14 4 7 2
1221 3 14 4 7 3
1222 3 14 4 7 2
1223 3 14 4 7 2
1224 3 14 4 7 2
1225 3 14 4 7 2
1226 3 14 4 7 2
1227 3 14 4 7 2
1228 3 14 4 7 2
1229 3 14 4 7 2
1230 3 14 4 7 2
1231 3 14 4 7 2
1232 3 14 4 7 2
1233 3 14 4 7 2
1234 3 14 4 7 2
1235 3 14 4 7 2
1236 3 14 4 7 2
1237 3 14 4 7 2
1238 3 14 4 7 2
1239 3 14 4 7 2
1240 3 14 4 7 2
1241 3 14 4 7 2
1242 3 14 4 7 2
1243 3 14 4 7 2
1244 3 14 4 7 2
1245 3 14 4 7 2
1246 3 14 4 7 2
1247 3 14 4 7 2
1248 3 14 4 7 2
1249 3 14 4 7 2
1250 3 14 4 7 2
1251 3 14 4 7 2
1252 3 14 4 7 2
1253 3 14 4 7 2
1254 3 14 4 7 2
1255 3 14 4 7 2
1256 3 14 4 7 2
1257 3 14 4 7 2
1258 3 14 4 7 2
1259 3 14 4 7 2
1260 3 14 4 7 2
1261 3 14 4 7 2
1262 3 14 4 7 2
1263 3 14 4 7 2
1264 3 14 4 7 2
1265 3 14 4 7 2
1266 3 14 4 7 2
1267 3 14 4 7 2
1268 3 14 4 7 2
1269 3 14 4 7 2
1270 3 14 4 7 2
1271 3 14 4 7 2
1272 3 14 4 7 2
1273 3 14 4 7 2
1274 3 14 4 7 2
1275 3 14 4 7 2
1276 3 14 4 7 2
1277 3 14 4 7 2
1278 3 14 4 7 2
1279 3 14 4 7 2
1280 3 14 4 7 2
1281 3 14 4 7 2
1282 3 14 4 7 2
1283 3 14 4 7 2
1284 3 14 4 7 2
1285 3 14 4 7 2
1286 3 14 4 7 2
1287 3 14 4 7 2
1288 3 14 4 7 2
1289 3 14 4 7 2
1290 3 14 4 7 2
1291 3 14 4 7 2
1292 3 14 4 7 2
1293 3 14 4 7 2
1294 3 14 4 7 2
1295 3 14 4 7 2
1296 3 14 4 7 2
1297 3 14 4 7 2
1298 3 14 4 7 2
1299 3 14 4 7 2
1300 3 14 4 7 2
1301 3 14 4 7 2
1302 3 14 4 7 2
1303 3 14 4 7 2
1304 3 14 4 7 2
1305 3 14 4 7 2
1306 3 14 4 7 2
1307 3 14 4 7 2
1308 3 14 4 7 2
1309 3 14 4 7 2
1310 3 14 4 7 2
1311 3 14 4 7 2
1312 3 14 4 7 2
1313 3 14 4 7 2
1314 3 14 4 7 2
1315 3 14 4 7 2
1316 3 14 4 7 2
1317 3 14 4 7 2
1318 3 14 4 7 2
1319 3 14 4 7 2
1320 3 14 4 7 2
1321 3 14 4 7 2
1322 3 14 4 7 2
1323 3 14 4 7 2
1324 3 14 4 7 2
1325 3 14 4 7 2
1326 3 14 4 7 2
1327 3 14 4 7 2
1328 4 14 4 7 2
1329 3 14 4 7 2
1330 3 14 4 7 2
1331 3 14 4 7 2
1332 3 14 4 7 2
1333 3 14 4 7 2
1334 3 14 4 7 2
1335 3 14 4 7 2
1336 3 14 4 7 2
1337 3 14 4 7 2
1338 3 14 4 7 2
1339 3 14 4 7 2
1340 3 14 4 7 2
1341 3 14 4 7 2
1342 3 14 4 7 2
1343 3 14 4 7 2
1344 3 14 4 7 2
1345 3 14 4 7 2
1346 3 14 4 7 2
1347 3 14 4 7 2
1348 3 14 4 7 2
1349 3 14 4 7 2
1350 3 14 4 7 2
1351 3 14 4 7 2
1352 3 14 4 7 2
1353 3 14 4 7 2
1354 3 14 4 7 2
1355 3 14 4 7 2
1356 3 14 4 7 2
1357 3 14 4 7 2
1358 3 14 4 7 2
1359 3 14 4 7 2
1360 3 14 4 7 2
1361 3 14 4 7 2
1362 3 14 4 7 2
1363 3 14 4 7 2
1364 3 14 4 7 2
1365 3 14 4 7 2
1366 3 14 4 7 2
1367 3 14 4 7 2
1368 3 14 4 7 2
1369 3 14 4 7 2
1370 3 14 4 7 2
1371 3 14 4 7 2
1372 3 14 4 7 2
1373 3 14 4 7 2
1374 3 14 4 7 2
1375 3 14 4 7 2
1376 3 14 4 7 2
1377 3 14 4 7 2
1378 3 14 4 7 2
1379 3 14 4 7 2
1380 3 14 4 7 2
1381 3 14 4 7 2
1382 3 14 4 7 2
1383 3 14 4 7 2
1384 3 14 4 7 2
1385 3 14 4 7 2
1386 3 14 4 7 2
1387 3 14 4 7 2
1388 3 14 4 7 2
1389 3 14 4 7 2
1390 3 14 4 7 2
1391 3 14 4 7 2
1392 3 14 4 7 2
1393 3 14 4 7 2
1394 3 14 4 7 2
1395 3 14 4 7 2
1396 3 14 4 7 2
1397 3 14 4 7 2
1398 3 14 4 7 2
1399 3 14 4 7 2
1400 3 14 4 7 2
1401 3 14 4 7 2
1402 3 14 4 7 2
1403 3 14 4 7 2
1404 3 14 4 7 2
1405 3 14 4 7 2
1406 3 14 4 7 2
1407 3 14 4 7 2
1408 3 14 4 7 2
1409 3 14 4 7 2
1410 3 14 4 7 2
1411 3 14 4 7 2
1412 3 14 4 7 2
1413 3 14 4 7 2
1414 3 14 4 7 2
1415 3 14 4 7 2
1416 3 14 4 7 2
1417 3 14 4 7 2
1418 3 14 4 7 2
1419 3 14 4 7 2
1420 3 14 4 7 2
1421 3 14 4 7 2
1422 3 14 4 7 2
1423 3 14 4 7 2
1424 3 14 4 7 2
1425 3 14 4 7 2
1426 3 14 4 7 2
1427 3 14 4 7 2
1428 3 14 4 7 2
1429 3 14 4 7 2
1430 3 14 4 7 2
1431 3 14 4 7 2
1432 3 14 4 7 2
1433 3 14 4 7 2
1434 3 14 4 7 2
1435 3 14 4 7 2
1436 3 14 4 7 2
1437 3 14 4 7 2
1438 3 14 4 7 2
1439 3 14 4 7 2
1440 3 14 4 7 2
1441 3 14 4 7 2
1442 3 14 4 7 2
1443 3 14 4 7 2
1444 3 14 4 7 2
1445 3 14 4 7 2
1446 3 14 4 7 2
1447 3 14 4 7 2
1448 3 14 4 7 2
1449 3 14 4 7 2
1450 3 14 4 7 2
1451 3 14 4 7 2
1452 3 14 5 7 2
1453 3 14 4 7 2
1454 3 14 4 7 2
1455 3 14 4 7 2
1456 3 14 4 7 2
1457 3 14 4 7 2
1458 3 14 4 7 2
1459 3 14 4 7 2
1460 3 14 4 7 2
1461 3 14 4 7 2
1462 3 14 4 7 2
1463 3 14 4 7 2
1464 3 14 4 7 2
1465 3 14 4 7 2
1466 3 14 4 7 2
1467 3 14 4 7 2
1468 3 14 4 7 2
1469 3 14 4 7 2
1470 3 14 4 7 2
1471 3 14 4 7 2
1472 3 14 4 7 2
1473 3 14 4 7 2
1474 3 14 4 7 2
1475 3 14 4 7 2
1476 3 14 4 7 2
1477 3 14 4 7 2
1478 3 14 4 7 2
1479 3 14 4 7 2
1480 3 14 4 7 2
1481 3 14 4 7 2
1482 3 14 4 7 2
1483 3 14 4 7 2
1484 3 14 4 7 2
1485 3 14 4 7 2
1486 3 14 4 7 2
1487 3 14 4 7 2
1488 3 14 4 7 2
1489 3 14 4 7 2
1490 3 14 4 7 2
1491 3 14 4 7 2
1492 3 14 4 7 2
1493 3 14 4 7 2
1494 3 14 4 7 2
1495 3 14 4 7 2
1496 3 14 4 7 2
1497 3 14 4 7 2
1498 3 14 4 7 2
1499 3 14 4 7 2
1500 3 14 4 7 2
1501 3 14 4 7 2
1502 3 14 4 7 2
1503 3 14 4 7 2
1504 3 14 4 7 2
1505 3 14 4 7 2
1506 3 14 4 7 2
1507 3 14 4 7 2
1508 3 14 4 7 2
1509 3 14 4 7 2
1510 3 14 4 7 2
1511 3 14 4 7 2
1512 3 14 4 7 2
1513 3 14 4 7 2
1514 3 14 4 7 2
1515 3 14 4 7 2
1516 3 14 4 7 2
1517 3 14 4 7 2
1518 3 14 4 7 2
1519 3 14 4 7 2
1520 3 14 4 7 2
1521 3 14 4 7 2
1522 3 14 4 7 2
1523 3 14 4 7 2
1524 3 14 4 7 2
1525 3 14 4 7 2
1526 3 14 4 7 2
1527 3 14 4 7 2
1528 3 14 4 7 2
1529 3 14 4 7 2
1530 3 14 4 7 2
1531 3 14 4 7 2
1532 3 14 4 7 2
1533 3 14 4 7 2
1534 3 14 4 7 2
1535 3 14 4 7 2
1536 3 14 4 7 2
1537 3 14 4 7 2
1538 3 14 4 7 2
1539 3 14 4 7 2
1540 3 14 4 7 2
1541 3 14 4 7 2
1542 3 14 4 7 2
1543 3 14 4 7 2
1544 3 14 4 7 2
1545 3 14 4 7 2
1546 3 14 4 7 2
1547 3 14 4 7 2
1548 3 14 4 7 2
1549 3 14 4 7 2
1550 3 14 4 7 2
1551 3 14 4 7 2
1552 3 14 4 7 2
1553 3 14 4 7 2
1554 3 14 4 7 2
1555 3 14 4 7 2
1556 3 14 4 7 2
1557 3 14 4 7 2
1558 3 14 4 7 2
1559 3 14 4 7 2
1560 3 14 4 7 2
1561 3 14 4 7 2
1562 3 14 4 7 2
1563 3 14 4 7 2
1564 3 14 4 7 2
1565 3 14 4 7 2
1566 3 14 4 7 2
1567 3 14 4 7 2
1568 3 14 4 7 2
1569 3 14 4 7 2
1570 3 14 4 7 2
1571 3 14 4 7 2
1572 3 14 4 7 2
1573 3 14 4 7 2
1574 3 14 4 7 2
1575 3 14 4 7 2
1576 3 14 4 7 2
1577 3 14 4 7 2
1578 3 14 4 7 2
1579 3 14 4 7 2
1580 3 14 4 7 2
1581 3 14 4 7 2
1582 3 14 4 7 2
1583 3 14 4 7 2
1584 3 14 4 7 2
1585 3 14 4 7 2
1586 3 14 4 7 2
1587 3 14 4 7 2
1588 3 14 4 7 2
1589 3 14 4 7 2
1590 3 14 4 7 2
1591 3 14 4 7 2
1592 3 14 4 7 2
1593 3 14 4 7 2
1594 3 14 4 7 2
1595 3 14 4 7 2
1596 3 14 4 7 2
1597 3 14 4 7 2
1598 3 14 4 7 2
1599 3 14 4 7 2
1600 3 14 4 7 2
1601 3 14 4 7 2
1602 3 14 4 7 2
1603 3 14 4 7 2
1604 3 14 4 7 2
1605 3 14 4 7 2
1606 3 14 4 7 2
1607 3 14 4 7 2
1608 3 14 4 7 2
1609 3 14 4 7 2
1610 3 14 4 7 2
1611 3 14 4 7 2
1612 3 14 4 7 2
1613 3 14 4 7 2
1614 3 14 4 7 2
1615 3 14 4 7 2
1616 3 14 4 7 2
1617 3 14 4 7 2
1618 3 14 4 7 2
1619 3 14 4 7 2
1620 3 14 4 7 2
1621 3 14 4 7 2
1622 3 14 4 7 2
1623 3 14 4 7 2
1624 3 14 4 7 2
1625 3 14 4 7 2
1626 3 14 4 7 2
1627 3 14 4 7 2
1628 3 14 4 7 2
1629 3 14 4 7 2
1630 3 14 4 7 2
1631 3 14 4 7 2
1632 3 14 4 7 2
1633 3 14 4 7 2
1634 3 14 4 7 2
1635 3 14 4 7 2
1636 3 14 4 7 2
1637 3 14 4 7 2
1638 3 14 4 7 2
1639 3 14 4 7 2
1640 3 14 4 7 2
1641 3 14 4 7 2
1642 3 14 4 7 2
1643 3 14 4 7 2
1644 3 14 4 7 2
1645 3 14 4 7 2
1646 3 14 4 7 2
1647 3 14 4 7 2
1648 3 14 4 7 2
1649 3 14 4 7 2
1650 3 14 4 7 2
1651 3 14 4 7 2
1652 3 14 4 7 2
1653 3 14 4 7 2
1654 3 14 4 7 2
1655 3 14 4 7 2
1656 3 14 4 7 2
1657 3 14 4 7 2
1658 3 14 4 7 2
1659 3 14 4 7 2
1660 3 14 4 7 2
1661 3 14 4 7 2
1662 3 14 4 7 2
1663 3 14 4 7 2
1664 3 14 4 7 2
1665 3 14 4 7 2
1666 3 14 4 7 2
1667 3 14 4 7 2
1668 3 14 4 7 2
1669 3 14 4 7 2
1670 3 14 4 7 2
1671 3 14 4 7 2
1672 3 14 4 7 2
1673 3 14 4 7 2
1674 3 14 4 7 2
1675 3 14 4 7 2
1676 3 14 4 7 2
1677 3 14 4 7 2
1678 3 14 4 7 2
1679 3 14 4 7 2
1680 3 14 4 7 2
1681 3 14 4 7 2
1682 3 14 4 7 2
1683 3 14 4 7 2
1684 4 14 4 7 2
1685 3 14 4 7 2
1686 3 14 4 7 2
1687 3 14 4 7 2
1688 3 14 4 7 2
1689 3 14 4 7 2
1690 3 14 4 7 2
1691 3 14 4 7 2
1692 3 14 4 7 2
1693 3 14 4 7 2
1694 3 14 4 7 2
1695 3 14 4 7 2
1696 3 15 4 7 2
1697 3 14 4 7 2
1698 3 14 4 7 2
1699 3 14 4 7 2
1700 3 14 4 7 2
1701 3 14 4 7 2
1702 3 14 5 7 2
1703 3 14 4 7 2
1704 3 14 4 7 2
1705 3 14 4 7 2
1706 3 14 4 7 2
1707 3 14 4 7 2
1708 3 14 4 7 2
1709 3 14 4 7 2
1710 3 14 4 7 2
1711 3 14 4 7 2
1712 3 14 4 7 2
1713 3 14 4 7 2
1714 3 15 4 7 2
1715 3 14 4 7 2
1716 3 14 4 7 2
1717 3 14 4 7 2
1718 3 14 4 7 2
1719 3 14 4 7 2
1720 3 14 4 7 2
1721 3 14 4 7 2
1722 3 14 4 7 2
1723 3 14 4 7 2
1724 3 14 4 7 2
1725 3 14 4 7 2
1726 3 14 4 7 2
1727 3 15 4 7 2
1728 3 14 4 7 2
1729 3 14 4 7 2
1730 3 14 4 7 2
1731 3 14 4 7 2
1732 3 14 4 7 2
1733 3 14 4 7 2
1734 3 14 4 7 3
1735 3 14 4 7 2
1736 3 14 4 7 2
1737 3 14 4 7 2
1738 3 14 4 7 2
1739 3 14 4 7 2
1740 3 14 4 7 2
1741 3 14 4 7 2
1742 3 14 4 7 2
1743 3 14 4 7 2
1744 3 14 4 7 2
1745 3 14 4 7 2
1746 3 14 4 7 2
1747 3 14 4 7 2
1748 3 14 4 7 2
1749 3 14 4 7 2
1750 3 14 4 7 2
1751 3 14 4 7 2
1752 3 14 4 7 2
1753 3 14 4 7 2
1754 3 14 4 7 2
1755 3 14 4 7 2
1756 3 14 4 7 2
1757 3 14 4 7 2
1758 3 14 4 7 2
1759 3 14 4 7 2
1760 3 14 4 7 2
1761 3 14 4 7 2
1762 3 14 4 7 2
1763 3 14 4 7 2
1764 3 14 4 7 2
1765 3 14 4 7 2
1766 3 14 4 7 2
1767 3 14 4 7 2
1768 3 14 4 7 2
1769 4 14 4 7 2
1770 3 14 4 7 2
1771 3 14 4 7 2
1772 3 14 4 7 2
1773 3 14 4 7 2
1774 3 14 4 7 2
1775 3 14 4 7 2
1776 3 14 4 7 2
1777 3 14 4 7 2
1778 3 14 4 7 2
1779 3 14 4 7 2
1780 4 14 4 7 2
1781 3 14 4 7 2
1782 3 14 4 7 2
1783 3 14 4 7 2
1784 3 14 4 7 2
1785 3 14 4 7 2
1786 3 14 4 7 2
1787 3 14 4 7 2
1788 3 14 4 7 2
1789 3 14 4 7 2
1790 3 14 4 7 2
1791 3 14 4 7 2
1792 3 14 4 7 2
1793 3 14 4 7 2
1794 3 14 4 7 2
1795 3 14 4 7 2
1796 3 14 4 7 2
1797 3 14 4 7 2
1798 3 14 4 7 2
1799 3 14 4 7 2
1800 3 14 4 7 2
1801 3 14 4 7 2
1802 3 14 4 7 2
1803 3 14 4 7 2
1804 3 14 4 7 2
1805 3 14 4 7 2
1806 3 14 4 7 2
1807 3 14 4 7 2
1808 3 14 4 7 2
1809 3 14 4 7 2
1810 3 14 4 7 2
1811 3 14 4 7 2
1812 3 14 4 7 2
1813 3 14 4 7 2
1814 3 14 4 7 2
1815 3 14 4 7 2
1816 3 14 4 7 2
1817 3 14 4 7 2
1818 3 14 4 7 2
1819 3 14 4 7 2
1820 3 14 4 7 2
1821 3 14 4 7 2
1822 3 14 4 7 2
1823 3 14 4 7 2
1824 3 14 4 7 2
1825 3 14 4 7 2
1826 3 14 4 7 2
1827 3 14 4 7 2
1828 3 14 4 7 2
1829 3 14 4 7 2
1830 3 14 4 7 2
1831 3 14 4 7 2
1832 3 14 4 7 2
1833 3 14 4 7 2
1834 3 14 4 7 2
1835 3 14 4 7 2
1836 3 14 4 7 2
1837 3 14 4 7 2
1838 3 14 4 7 2
1839 3 14 4 7 2
1840 3 14 4 7 2
1841 3 14 4 7 2
1842 3 14 4 7 2
1843 3 14 4 7 2
1844 3 14 4 7 2
1845 3 14 4 7 2
1846 3 14 4 7 2
1847 3 14 4 7 2
1848 3 14 4 7 2
1849 3 14 4 7 2
1850 3 14 4 7 2
1851 3 14 4 7 2
1852 3 14 4 7 2
1853 3 14 4 7 2
1854 3 14 4 7 2
1855 3 14 4 7 2
1856 3 14 4 7 2
1857 3 14 4 7 2
1858 3 14 4 7 2
1859 3 14 4 7 2
1860 3 14 4 7 2
1861 3 14 4 7 2
1862 3 14 4 7 2
1863 3 14 4 7 2
1864 3 14 4 7 2
1865 3 14 4 7 2
1866 3 14 4 7 2
1867 3 14 4 7 2
1868 3 14 4 7 2
1869 3 14 4 7 2
1870 3 14 4 7 2
1871 3 14 4 7 2
1872 3 14 4 7 2
1873 3 14 4 7 2
1874 3 14 4 7 2
1875 3 14 4 7 2
1876 3 14 4 7 2
1877 3 14 4 7 2
1878 3 14 4 7 2
1879 3 14 4 7 2
1880 3 14 4 7 2
1881 3 14 4 7 2
1882 3 14 4 7 2
1883 3 14 4 7 2
1884 3 14 4 7 2
1885 3 14 4 7 2
1886 3 14 4 7 2
1887 3 14 4 7 2
1888 3 14 4 7 2
1889 3 14 4 7 2
1890 3 14 4 7 2
1891 3 14 4 7 2
1892 3 14 4 7 2
1893 3 14 4 7 2
1894 3 14 4 7 2
1895 3 14 4 7 2
1896 3 14 4 7 2
1897 3 14 4 7 2
1898 3 14 4 7 2
1899 3 14 4 7 2
1900 3 14 4 7 2
1901 3 14 4 7 2
1902 3 14 4 7 2
1903 3 14 4 7 2
1904 3 14 4 7 2
1905 3 14 4 7 2
1906 3 14 4 7 2
1907 3 14 4 7 2
1908 3 14 4 7 2
1909 3 14 4 7 2
1910 3 14 4 7 2
1911 3 14 4 7 2
1912 3 14 4 7 2
1913 3 14 4 7 2
1914 3 14 4 7 2
1915 3 14 4 7 2
1916 3 14 4 7 2
1917 3 14 4 7 2
1918 3 14 4 7 2
1919 3 14 4 7 2
1920 3 14 4 7 2
1921 3 14 4 7 2
1922 3 14 4 7 2
1923 3 14 4 7 2
1924 3 14 4 7 2
1925 3 14 4 7 2
1926 3 14 4 7 2
1927 3 14 4 7 2
1928 3 14 4 7 2
1929 3 14 4 7 2
1930 3 14 4 7 2
1931 3 14 4 7 2
1932 3 14 4 7 2
1933 3 14 4 7 2
1934 3 14 4 7 2
1935 3 14 4 7 2
1936 3 14 4 7 2
1937 3 14 4 7 2
1938 3 14 4 7 2
1939 3 14 4 7 2
1940 3 14 4 7 2
1941 3 14 4 7 2
1942 3 14 4 7 2
1943 3 14 4 7 2
1944 3 14 4 7 2
1945 3 14 4 7 2
1946 3 14 4 7 2
1947 3 14 4 7 2
1948 3 14 4 7 2
1949 3 14 4 7 2
1950 3 14 4 7 2
1951 3 14 4 7 2
1952 3 14 4 7 2
1953 3 14 4 7 2
1954 3 14 4 7 2
1955 3 14 4 7 2
1956 3 14 4 7 2
1957 3 14 4 7 2
1958 3 14 4 7 2
1959 3 14 4 7 2
1960 3 14 4 7 2
1961 3 14 4 7 2
1962 3 14 4 7 2
1963 3 14 4 7 2
1964 3 14 4 7 2
1965 3 14 4 7 2
1966 3 14 4 7 2
1967 3 14 4 7 2
1968 3 14 4 7 2
1969 3 14 4 7 2
1970 3 14 4 7 2
1971 3 14 4 7 2
1972 3 14 4 7 2
1973 3 14 4 7 2
1974 3 14 4 7 2
1975 3 14 4 7 2
1976 3 14 4 7 2
1977 3 14 4 7 2
1978 3 14 4 7 2
1979 3 14 4 7 2
1980 3 14 4 7 2
1981 3 14 4 7 2
1982 3 14 4 7 2
1983 3 14 4 7 2
1984 3 14 4 7 2
1985 3 14 4 7 2
1986 3 14 4 7 2
1987 3 14 4 7 2
1988 3 14 4 7 2
1989 3 14 4 7 2
1990 3 14 4 7 2
1991 3 14 4 7 2
1992 3 14 4 7 2
1993 3 14 4 7 2
1994 3 14 4 7 2
1995 3 14 4 7 2
1996 3 14 4 7 2
1997 3 14 4 7 2
1998 3 14 4 7 2
1999 3 14 4 7 2
2000 3 14 4 7 2
2001 3 14 4 7 2
2002 3 14 4 7 2
2003 3 14 4 7 2
2004 3 14 4 7 2
2005 3 14 4 7 2
2006 3 14 4 7 2
2007 3 14 4 7 2
2008 3 14 4 7 2
2009 3 14 4 7 2
2010 3 14 4 7 2
2011 3 14 4 8 2
2012 3 14 4 7 2
2013 3 14 4 7 2
2014 3 14 4 7 2
2015 3 14 4 7 2
2016 3 14 4 7 2
2017 3 14 4 7 2
2018 3 14 4 7 2
2019 3 14 4 7 2
2020 3 14 4 7 2
2021 3 14 4 7 2
2022 3 14 4 7 2
2023 3 14 4 7 2
2024 3 14 4 7 2
2025 3 14 4 7 2
2026 3 14 4 7 2
2027 3 14 4 7 2
2028 3 14 4 7 2
2029 3 14 4 7 2
2030 3 14 4 7 2
2031 3 14 4 7 2
2032 3 14 4 7 2
2033 3 14 4 7 2
2034 3 14 4 7 2
2035 3 14 4 7 2
2036 3 14 4 7 2
2037 3 14 4 7 2
2038 3 14 4 7 2
2039 3 14 4 7 2
2040 3 14 4 7 2
2041 3 14 4 7 2
2042 3 14 4 7 2
2043 3 14 4 7 2
2044 3 14 4 7 2
2045 3 14 4 7 2
2046 3 14 4 7 2
2047 3 14 4 7 2
2048 3 14 4 7 2
2049 3 14 4 7 2
2050 3 14 4 7 2
2051 3 14 4 7 2
2052 3 14 4 7 2
2053 3 14 4 7 2
2054 3 14 4 7 2
2055 3 14 4 7 2
2056 3 14 4 7 2
2057 3 14 4 7 2
2058 3 14 4 7 2
2059 3 14 4 7 2
2060 3 14 4 7 2
2061 3 14 4 7 2
2062 3 14 4 7 2
2063 3 14 4 7 2
2064 3 14 4 7 2
2065 3 14 4 7 2
2066 3 14 4 7 2
2067 3 14 4 7 2
2068 3 14 4 7 2
2069 3 14 4 7 2
2070 3 14 4 7 2
2071 3 14 5 7 2
2072 3 14 4 7 2
2073 3 14 4 7 2
2074 3 14 4 7 2
2075 3 14 4 7 2
2076 3 14 4 7 2
2077 3 14 4 7 2
2078 3 14 4 7 2
2079 3 14 4 7 2
2080 3 14 4 7 2
2081 3 14 4 7 2
2082 3 14 4 7 2
2083 3 14 4 7 2
2084 3 14 4 7 2
2085 3 14 4 7 2
2086 3 14 4 7 2
2087 3 14 4 7 2
2088 3 14 4 7 2
2089 3 14 4 7 2
2090 3 14 4 7 2
2091 3 14 4 7 2
2092 3 14 4 7 2
2093 3 14 4 7 2
2094 3 14 4 7 2
2095 3 14 4 7 2
2096 3 14 4 7 2
2097 3 14 4 7 2
2098 3 14 4 7 2
2099 3 14 4 7 2
2100 3 14 4 7 2
2101 3 14 4 7 2
2102 3 14 4 7 2
2103 3 14 4 7 2
2104 3 14 4 7 3
2105 3 14 4 7 2
2106 3 14 4 7 2
2107 3 14 4 7 2
2108 4 14 4 7 2
2109 3 14 4 7 2
2110 3 14 4 7 2
2111 3 14 4 7 2
2112 3 14 4 7 2
2113 3 14 4 7 2
2114 3 14 4 7 2
2115 3 14 4 7 2
2116 3 14 4 7 2
2117 3 14 4 7 2
2118 3 14 4 7 2
2119 3 14 4 7 2
2120 3 14 4 7 2
2121 3 14 4 7 2
2122 3 14 4 7 2
2123 3 14 4 7 2
2124 3 14 4 7 2
2125 3 14 4 7 2
2126 3 14 4 7 2
2127 3 14 4 7 2
2128 3 14 4 7 2
2129 3 14 4 7 2
2130 3 14 4 7 2
2131 3 14 4 7 2
2132 3 14 4 7 2
2133 3 14 4 7 2
2134 3 14 4 7 2
2135 3 14 4 7 2
2136 3 14 4 7 2
2137 3 14 4 7 2
2138 3 14 4 7 2
2139 3 14 4 7 2
2140 3 14 4 7 2
2141 3 14 4 7 2
2142 3 14 4 7 2
2143 3 14 4 7 2
2144 3 14 4 7 2
2145 3 14 4 7 2
2146 3 14 4 7 2
2147 3 14 4 7 2
2148 3 14 4 7 2
2149 3 14 4 7 2
2150 3 14 4 7 2
2151 3 14 4 7 2
2152 3 14 4 7 2
2153 3 14 4 7 2
2154 3 14 4 7 2
2155 3 14 4 7 2
2156 3 14 4 7 2
2157 3 14 4 7 2
2158 3 14 4 7 2
2159 3 14 4 7 2
2160 3 14 4 7 2
2161 3 14 4 7 2
2162 3 14 4 7 2
2163 3 14 4 7 2
2164 3 14 4 7 2
2165 3 14 4 7 2
2166 3 14 4 7 2
2167 3 14 4 7 2
2168 3 14 4 7 2
2169 3 14 4 7 2
2170 3 14 4 7 2
2171 3 14 4 7 2
2172 3 14 4 7 2
2173 3 14 4 7 2
2174 3 14 4 7 2
2175 3 14 4 7 2
2176 3 14 4 7 2
2177 3 14 4 7 2
2178 3 14 4 7 2
2179 3 14 4 7 2
2180 3 14 4 7 2
2181 3 14 4 7 2
2182 3 14 4 7 2
2183 3 14 4 7 2
2184 3 14 4 7 2
2185 3 14 4 7 2
2186 3 14 4 7 2
2187 3 14 4 7 2
2188 3 14 4 7 2
2189 3 14 4 7 2
2190 3 14 4 7 2
2191 3 14 4 7 2
2192 3 14 4 7 2
2193 3 14 4 7 2
2194 3 14 4 7 2
2195 3 14 4 7 2
2196 3 14 4 7 2
2197 3 14 4 7 2
2198 3 14 4 7 2
2199 3 14 4 7 2
2200 3 14 4 7 2
2201 3 14 4 7 2
2202 3 14 4 7 2
2203 3 14 4 7 2
2204 3 14 4 7 2
2205 3 14 4 7 2
2206 3 14 4 7 2
2207 3 14 4 7 2
2208 3 14 4 7 2
2209 3 14 4 7 2
2210 3 14 4 7 2
2211 3 14 4 7 2
2212 3 14 4 7 2
2213 3 14 4 7 3
2214 3 14 4 7 2
2215 3 14 4 7 2
2216 3 14 4 7 2
2217 3 14 4 7 2
